100 100
86 54
36 4
44 6
33 5
47 97
10 97
88 44
13 47
65 62
35 91
35 61
95 21
60 41
87 98
7 12
4 89
7 70
26 96
86 49
45 78
29 74
88 43
39 10
10 30
96 37
32 23
51 71
95 59
75 10
26 2
79 62
69 61
21 4
6 70
9 18
37 44
1 13
24 78
41 76
33 82
2 13
21 70
75 83
59 71
28 83
37 1
16 4
26 90
50 78
55 13
35 33
86 98
1 85
50 67
68 54
65 85
58 93
27 49
32 18
58 2
70 25
16 20
90 4
21 22
62 41
97 49
74 18
1 34
81 53
8 41
58 12
97 43
74 89
38 4
70 84
34 87
40 100
29 71
13 92
78 1
69 51
100 3
67 82
75 2
67 1
25 99
93 61
64 42
18 28
70 11
10 67
67 33
11 87
19 31
69 72
34 24
76 75
46 93
6 72
46 74
