500 500
465 40
252 71
154 397
9 170
250 33
7 75
429 442
207 321
392 145
85 407
490 195
232 149
329 174
427 155
361 375
371 189
87 328
476 229
96 433
369 478
394 375
239 283
322 257
409 491
45 107
24 305
340 239
16 119
45 201
497 28
101 107
376 266
54 152
474 234
266 37
338 436
137 290
37 436
478 16
46 488
352 253
332 97
150 441
256 56
302 313
81 497
126 485
471 88
448 266
251 125
445 147
406 76
283 216
428 496
385 202
316 207
381 368
15 308
209 199
218 91
246 395
108 199
251 348
66 225
348 209
185 49
285 480
325 403
290 209
439 267
114 426
172 387
404 360
288 440
76 370
444 185
228 10
450 378
498 62
253 177
54 468
349 423
145 445
169 61
495 451
276 340
162 248
179 270
35 2
365 378
244 311
145 348
435 409
64 340
15 74
149 10
27 483
277 123
433 185
328 190
216 326
341 273
388 455
355 489
159 161
282 3
456 358
299 17
56 232
249 32
51 354
16 51
185 332
491 117
171 108
95 171
387 412
496 167
97 195
392 94
15 241
82 70
68 104
37 421
285 386
169 333
174 230
130 472
240 245
159 159
497 25
154 336
293 161
315 29
148 20
402 480
421 427
399 73
356 304
466 81
47 232
114 488
68 368
310 437
42 131
306 298
458 67
126 353
297 153
203 18
251 163
252 310
121 368
338 245
147 463
125 244
271 343
104 315
77 494
326 214
115 373
178 447
266 298
297 384
111 362
172 86
411 266
342 376
308 274
491 118
290 206
193 340
166 316
50 230
387 293
64 83
42 402
102 354
182 259
373 443
45 106
11 427
166 249
322 363
458 327
56 472
460 410
144 118
170 265
271 54
365 125
213 484
87 51
431 398
240 441
352 367
125 380
166 44
184 148
405 244
288 283
385 163
238 230
329 169
27 411
477 19
127 122
198 480
315 500
250 311
50 173
157 154
191 28
382 3
356 200
402 105
384 76
208 32
148 51
235 73
44 364
372 296
352 171
437 9
281 380
412 191
162 389
484 368
74 172
442 89
122 434
72 289
499 123
102 58
240 456
208 259
106 46
321 187
490 93
144 148
444 212
464 276
200 375
440 2
488 206
134 12
189 68
84 37
52 380
314 322
266 474
446 349
112 369
30 115
113 387
343 279
132 25
391 497
290 351
279 194
448 331
312 76
398 15
275 111
26 447
460 390
317 55
182 213
42 102
342 53
354 58
381 176
281 489
299 448
454 404
199 194
204 174
207 348
408 67
255 330
269 35
127 22
160 360
72 89
127 336
304 416
127 242
333 159
167 377
337 142
149 142
140 339
152 259
484 450
100 332
303 21
251 136
359 349
379 271
446 130
225 466
262 144
67 370
112 394
453 49
377 124
420 41
45 416
9 377
489 316
241 306
397 476
81 64
287 224
362 195
27 466
446 355
257 203
384 373
203 198
93 183
110 391
251 312
248 190
94 209
174 238
161 109
100 99
97 288
491 25
187 146
484 494
204 128
188 415
293 192
9 483
242 480
311 193
290 466
290 99
200 335
488 269
4 113
78 485
282 431
429 111
211 316
386 478
15 342
123 191
378 279
460 410
427 434
221 11
119 467
192 393
309 338
349 228
58 323
21 305
428 420
166 161
115 193
103 421
378 241
316 449
35 326
443 495
341 168
108 161
464 500
143 443
302 277
448 435
113 284
312 275
58 313
488 155
373 159
59 210
313 287
313 299
414 79
322 311
251 421
256 452
419 92
429 108
172 497
97 33
88 493
285 348
138 54
203 80
44 472
78 163
218 166
178 145
330 56
487 434
365 382
203 307
166 294
47 61
55 28
383 362
317 466
414 359
224 360
107 282
207 308
23 175
32 288
359 415
350 498
241 266
373 34
13 309
314 421
100 140
480 429
295 355
80 307
399 384
376 427
260 153
198 209
121 409
476 419
206 291
166 396
394 240
331 442
78 89
330 487
178 173
197 456
466 274
95 434
448 373
179 248
127 10
490 235
222 231
180 352
55 137
346 94
66 459
257 224
111 403
8 52
136 490
161 140
73 81
446 90
211 425
404 55
155 113
113 350
400 300
364 21
253 454
7 61
276 371
321 430
5 436
216 35
106 37
249 272
189 157
266 253
450 293
281 156
109 413
401 91
121 300
478 73
155 2
91 336
4 212
137 22
485 111
371 240
272 332
391 261
198 209
370 311
471 48
200 22
468 196
2 243
281 35
73 252
227 404
147 8
348 128
465 477
251 388
140 380
431 258
