1000 1000
68 34
594 329
2 966
353 577
560 182
326 600
167 540
852 251
389 129
941 326
490 622
391 837
467 372
605 238
901 55
836 615
733 685
97 923
151 547
385 414
865 784
596 460
371 311
972 593
486 354
819 827
423 43
854 819
705 150
276 262
492 940
316 250
120 716
619 561
176 614
668 995
692 850
899 797
74 96
919 802
863 985
820 310
948 95
609 648
36 430
789 168
818 615
730 796
455 301
656 866
950 434
573 428
419 965
455 812
314 773
430 659
564 394
715 921
916 467
734 991
531 314
699 347
6 698
283 963
884 371
384 835
689 34
655 668
843 833
751 209
77 6
31 833
398 613
176 499
380 317
974 195
962 943
276 719
618 361
532 502
45 705
138 119
1 67
585 851
415 400
786 400
268 970
362 805
251 712
960 276
738 480
966 834
725 190
615 593
450 629
67 883
489 1000
342 831
232 854
95 841
82 477
869 678
9 401
51 710
494 273
146 678
441 391
56 61
210 938
297 117
599 426
126 870
655 601
692 928
265 263
624 551
225 164
220 150
649 842
98 929
482 444
667 184
599 551
646 601
854 50
474 107
148 744
669 718
872 579
13 212
344 39
418 363
522 316
397 871
19 852
703 725
324 330
216 83
581 684
470 518
436 642
337 863
151 730
881 30
175 840
694 500
891 212
306 994
302 458
384 877
572 601
996 785
32 668
555 336
468 396
788 973
212 77
905 247
244 981
788 611
618 641
961 709
510 805
509 379
415 255
15 502
907 261
403 676
137 321
19 225
828 308
536 301
155 536
952 597
62 274
33 763
101 94
733 72
94 276
942 116
479 874
420 315
147 129
760 162
555 323
938 807
964 802
429 630
794 651
144 37
831 858
839 134
178 379
429 253
518 241
366 42
700 987
836 965
512 771
191 433
634 941
131 962
509 588
951 297
334 24
760 593
831 635
610 218
10 666
523 663
768 291
198 315
49 59
782 20
8 338
608 469
746 974
570 149
624 927
22 964
425 347
898 752
719 287
679 877
90 129
510 899
197 838
162 868
821 716
889 354
409 420
659 668
820 901
942 951
652 75
280 512
772 603
891 893
878 974
974 170
604 580
308 823
634 166
149 239
855 2
904 537
906 720
803 726
483 456
822 882
850 27
366 156
963 39
751 712
660 402
811 948
803 663
952 251
795 177
266 858
846 887
89 318
250 864
922 166
890 595
758 143
552 369
99 252
153 522
314 62
276 241
21 444
339 455
725 280
738 267
6 718
722 262
277 619
602 483
432 527
178 135
784 531
473 316
866 339
873 846
364 780
964 588
75 565
461 294
271 318
445 731
30 977
304 953
842 519
516 216
949 669
107 589
614 957
156 10
583 124
559 78
42 974
846 818
287 908
537 630
478 1
2 253
390 432
762 862
126 242
581 47
586 777
820 62
116 467
974 783
156 798
998 659
571 804
51 585
514 559
198 745
823 325
685 629
636 294
251 454
741 117
19 134
719 908
808 84
110 640
871 460
225 132
489 867
670 460
992 671
237 320
267 48
463 288
271 851
358 924
658 195
170 521
441 50
193 285
339 715
198 609
849 208
36 779
627 441
718 644
14 407
129 140
426 600
438 695
400 571
59 414
943 755
571 345
376 25
713 862
339 217
468 248
377 942
721 522
489 835
704 8
534 745
365 597
356 660
456 350
719 102
99 864
436 975
916 193
25 534
68 190
334 793
617 581
714 932
967 983
39 399
976 157
285 850
457 733
645 874
317 346
815 884
132 802
129 585
177 957
343 624
687 657
842 590
369 712
567 742
345 745
533 518
658 115
274 543
128 587
564 337
615 614
789 227
846 199
414 503
636 1000
34 180
517 189
374 599
999 45
959 562
109 967
646 824
7 384
30 528
751 540
75 35
793 229
914 710
365 808
813 331
273 255
534 284
789 125
42 581
946 415
844 686
652 800
345 677
436 219
974 833
814 999
461 708
662 424
896 185
565 645
656 440
115 169
290 915
146 649
176 595
470 994
913 67
217 824
859 776
638 516
671 934
455 480
155 782
338 863
83 289
702 590
297 67
868 836
240 54
412 493
915 9
739 59
658 378
984 852
352 832
741 25
610 731
611 44
39 769
384 997
418 597
335 9
597 470
231 443
319 470
818 121
770 963
802 376
84 110
539 678
372 166
426 563
412 800
695 843
664 433
154 275
67 358
913 863
350 159
385 522
145 179
995 694
406 145
83 253
907 956
199 407
25 169
704 643
56 668
148 382
187 931
885 268
404 914
460 595
200 364
966 623
617 844
65 928
988 290
795 870
719 45
182 860
965 411
504 139
852 191
641 354
82 519
162 17
508 876
234 35
109 465
625 354
432 315
846 90
819 970
887 757
398 495
98 779
810 596
456 938
659 470
483 163
905 984
174 638
117 105
490 668
173 354
289 358
776 610
735 311
720 234
97 421
838 147
104 531
23 170
655 289
150 500
858 733
653 860
93 969
708 436
95 311
791 791
420 603
237 226
844 493
847 272
103 488
720 523
373 25
61 470
140 40
66 877
3 931
550 752
766 625
338 694
625 346
657 866
988 479
32 699
774 23
977 672
299 748
197 661
740 114
716 419
221 363
957 441
812 516
693 122
262 873
471 646
908 828
83 641
478 39
665 727
959 87
503 366
118 640
448 118
187 646
276 45
903 381
451 21
707 145
114 495
640 135
989 251
698 892
862 245
331 465
397 562
195 94
527 600
718 215
533 357
235 583
401 31
865 251
389 174
527 306
47 177
107 438
51 816
366 967
467 418
519 543
107 498
222 33
555 510
783 252
720 662
995 273
672 66
879 52
47 231
561 785
471 810
956 893
296 41
368 898
554 563
941 883
332 137
655 385
197 628
241 446
108 959
642 211
854 492
504 862
435 612
927 326
475 324
400 612
682 381
883 470
292 834
218 653
953 595
613 220
71 698
682 306
67 209
125 688
580 113
411 750
761 417
651 300
412 559
814 841
190 801
452 903
203 333
503 727
130 282
968 400
326 493
734 380
805 528
861 802
664 977
117 895
101 119
150 81
861 206
537 564
240 87
706 433
956 244
190 101
294 93
780 204
766 169
214 99
127 618
105 499
127 996
481 221
9 235
721 424
776 420
148 532
222 507
180 284
265 491
381 707
242 498
17 136
649 317
587 891
236 93
776 296
478 944
819 921
965 860
125 456
690 669
916 21
389 135
562 484
62 318
542 603
718 997
309 670
725 616
725 828
541 738
631 40
669 98
877 717
770 826
251 490
256 170
281 880
844 772
308 100
91 928
135 751
256 187
50 561
495 508
179 801
738 369
450 893
504 121
908 710
214 854
870 420
189 867
602 140
94 253
572 859
615 192
452 978
731 456
5 633
482 353
312 420
296 32
440 813
807 994
75 365
917 710
209 230
388 570
51 983
549 410
552 560
145 559
37 635
408 387
969 243
478 691
209 724
434 172
132 279
182 815
25 34
832 788
90 574
865 426
126 775
81 411
21 642
456 939
386 12
674 925
808 25
786 517
328 10
140 829
870 671
432 280
207 735
171 981
982 850
349 534
361 628
414 941
228 153
711 719
736 326
50 32
717 205
358 204
51 159
574 382
386 932
341 610
852 247
984 909
810 456
657 316
60 583
267 816
263 862
559 783
323 43
368 358
560 180
100 848
723 711
170 104
465 857
169 245
997 229
507 230
141 702
531 182
87 578
684 837
919 592
74 541
156 739
827 269
432 755
11 424
794 967
557 116
384 932
163 234
475 603
665 546
968 881
712 44
78 646
436 63
133 98
183 827
334 394
324 827
559 632
419 804
463 577
335 602
896 839
247 983
157 582
778 886
988 799
402 283
537 727
996 12
533 661
523 156
329 121
248 116
933 509
995 421
143 832
735 302
72 974
130 542
109 920
579 254
684 44
919 32
199 901
372 923
898 873
417 637
262 703
209 235
430 356
78 487
778 64
777 545
386 615
106 443
93 720
809 382
728 594
246 610
368 493
597 762
258 296
579 585
920 797
162 199
167 2
641 43
300 129
873 273
725 663
909 719
134 29
228 510
948 858
95 720
7 909
377 507
76 707
793 270
80 622
38 285
310 333
677 918
829 606
470 750
557 953
811 754
55 852
918 460
944 161
321 383
597 568
607 539
490 364
401 808
389 851
916 491
30 457
983 739
151 618
337 308
507 794
431 506
910 961
816 211
162 40
566 969
988 336
93 639
256 869
778 610
190 23
796 480
66 628
794 840
819 585
66 826
415 182
317 333
60 297
834 628
825 247
480 32
949 42
777 151
648 57
441 999
78 452
575 586
744 366
76 89
123 359
329 102
145 304
541 772
462 227
817 73
889 791
669 743
903 822
671 31
327 220
558 540
283 839
258 192
234 175
724 940
788 832
689 944
748 386
315 431
555 80
815 940
962 273
734 422
480 979
602 817
752 822
412 326
159 372
124 352
455 159
336 95
111 848
622 97
149 647
972 802
338 821
550 619
809 805
631 505
942 72
806 277
155 497
232 516
702 808
919 357
526 754
