5000 5000
615 3078
3059 4837
3438 4006
2161 4801
2787 3485
4667 941
4975 2258
4057 367
786 1142
3701 4988
256 2239
2024 3810
4742 3366
925 1349
4079 407
1067 2451
840 1752
4387 3371
821 2507
3175 606
1983 3412
543 3440
4598 4969
1638 586
3611 1329
3900 4858
791 2367
4338 1804
2859 4884
232 3362
3585 549
3310 3919
3025 2169
4547 4633
4872 4446
4861 3034
4529 1348
2646 1537
4441 4865
1108 717
2470 894
2277 1114
3381 3838
2414 1619
1765 255
4779 2149
1256 926
1649 2372
3450 3378
3666 2230
1988 3964
4293 579
2706 241
3820 1595
2177 4955
4274 1126
2574 4854
1139 4123
549 3606
2901 4641
400 2950
2143 2623
187 957
2600 1378
3614 1058
2864 4246
3110 4926
4260 4987
3688 3101
2910 728
438 1797
2264 2309
2784 2856
201 352
4930 3014
4288 1134
1561 556
4745 783
1892 3867
802 2218
2870 3175
150 1747
3893 3540
4860 3533
168 2949
4279 2178
4730 4671
219 3173
392 748
3029 4670
646 1676
2463 868
3117 4275
3701 1265
3779 4248
2499 2241
2261 2857
3511 2655
2798 1073
2548 321
3657 2779
1273 4621
971 1491
2758 1952
214 699
3703 3973
3895 905
4521 3403
3294 2926
1536 1781
3335 870
2055 4842
2646 1743
4055 2072
163 3187
4752 1505
3289 4662
2173 3091
926 548
3178 3769
3188 4517
4281 2076
3168 3702
4617 1344
4267 3415
3909 1766
584 1119
3820 108
4647 4825
1894 4756
1478 865
4842 4487
3812 4166
391 2277
3879 3828
1835 1155
166 3383
3755 1479
1704 4422
3259 4288
127 4703
985 963
1945 3794
2686 530
2734 1980
4461 973
2811 1321
521 1450
146 1654
3288 306
4436 4174
4905 2288
1270 4555
368 1366
1125 4374
2491 464
2223 2413
2607 4978
4299 1421
888 2391
4380 3718
4339 3748
4758 2141
1088 2149
1641 4265
1723 950
4548 2395
4145 101
1493 4814
587 1109
1103 3312
1196 4381
1649 3412
768 3442
949 4319
1472 43
4758 4382
1487 1979
1203 1290
2074 38
4541 264
1532 1905
1492 1969
193 747
532 1737
3564 4087
3100 2697
2493 2603
3518 1322
2903 4923
4247 1049
2522 1309
3600 3146
4865 2280
3479 2346
3319 4119
1566 3261
3682 1387
2210 4876
1923 4835
2396 2497
456 189
3770 4880
2794 3663
1928 741
1873 251
396 1642
486 771
1924 503
1558 2677
3462 1789
2527 1584
1387 2781
4959 4143
3935 4759
695 256
2169 4865
1535 756
1153 1770
2840 3483
1935 2745
2839 3509
105 1030
4118 1012
4172 1314
2103 1024
69 3346
292 597
4578 2499
2220 1845
4076 2370
3269 1078
4021 4384
4625 3087
2932 3428
4802 67
4169 1045
946 1417
3290 312
2730 2603
1044 2166
1810 1760
2250 1605
4512 3791
1166 769
2062 1946
3735 234
2984 3907
938 3192
362 145
957 2862
4184 3273
3888 3309
3250 2231
1545 1282
146 2595
3027 4367
3860 119
4436 2168
2730 1625
634 2311
578 3850
1571 93
4661 1183
1104 89
2734 176
2162 660
1162 2608
1955 1149
3922 327
2043 2382
3281 1021
2880 2830
777 1756
2074 2687
398 4005
3894 1837
1114 1164
3823 727
1964 2671
1875 1132
4872 627
4838 367
300 4831
2214 511
292 2388
3307 818
1828 3487
4592 4145
1683 4604
4381 2037
3140 1309
105 4795
1916 1755
4163 652
1973 79
90 2767
4969 2489
3402 3410
35 2090
4537 1115
2366 4381
3383 2204
1842 397
4137 2061
33 4517
2233 2987
3805 1229
53 4153
3614 3266
3445 3309
2726 3363
3720 446
1136 4114
4853 1554
1632 1019
3131 2985
3196 1615
4209 3989
3485 2877
3959 3975
905 2790
3821 842
1065 1491
1170 2726
1155 3929
349 2557
4052 2263
3232 1718
1194 54
3403 4648
860 2494
874 5
127 4075
1177 1629
1625 4210
2361 4844
2158 1842
4595 1722
4800 2055
1830 2321
790 222
4132 4634
3496 927
3347 4329
343 427
3287 4011
2300 3231
1630 4287
315 4251
3402 1142
295 4514
3726 1207
827 3757
3116 59
1778 3011
3759 3226
2665 373
3265 1217
3151 2364
4708 821
849 4113
623 2392
3162 1117
108 4104
4069 2826
1333 4844
4371 1491
4833 3082
1931 3895
1935 3455
205 3069
1611 4861
4836 2626
4933 3347
798 4414
3452 2152
2472 1455
3025 312
853 2296
469 1575
4859 3936
4238 399
1151 416
4830 3804
55 4041
2619 316
824 3590
4583 1354
2073 3319
3174 3315
1132 2598
937 3512
3641 3657
2851 2933
4125 3015
2328 2215
94 207
3050 3808
516 3649
2698 3674
4539 2789
351 4414
2029 792
3304 3225
3070 3639
372 3020
703 4073
4293 184
4273 3236
4753 2795
3723 3850
3443 4318
2730 3721
4290 2581
2835 2981
140 233
1200 551
4177 1981
2810 1474
1610 2827
295 627
4116 4219
205 4652
3045 2445
853 2884
1741 4075
1208 2408
3170 1208
3131 962
375 2924
2405 4982
4294 4212
555 1379
1118 1713
4460 1804
4664 3363
28 843
4006 1204
4733 672
4993 947
1148 4896
3031 2109
154 34
3773 3528
3885 3559
464 4663
1860 4293
2209 2280
687 4000
1487 3814
3529 190
2527 2869
4596 1590
2745 4465
1670 3337
3834 2299
882 473
2622 2960
3727 4641
4580 1462
888 463
4059 681
654 4963
2960 4425
1200 1598
142 678
2764 847
2245 1361
2922 4369
4055 4110
3456 4850
2385 412
2245 4662
1609 1906
1871 3419
4252 4554
18 1850
1219 1390
1824 2013
998 4200
2839 4110
4046 3768
3518 3428
3962 4741
1419 477
38 727
2084 1839
4838 4361
4151 668
2696 761
846 3590
1488 1328
1111 1600
1991 1653
4189 4021
508 332
1516 495
3890 3599
921 2149
3419 1780
1227 2311
4048 4300
519 685
1548 425
4382 393
313 4400
3847 1066
1971 3234
2677 4359
283 2353
2786 3900
1131 1895
4961 348
3580 3083
497 1417
20 357
2449 4409
469 3964
1724 2132
1821 3979
2389 2191
4599 3355
605 256
2898 4624
1129 3196
385 4138
1695 3096
4361 3036
3875 3708
2360 3851
2092 2945
2825 557
2653 3105
247 3215
2796 1088
3327 4568
297 4568
1214 893
2583 1725
2642 2113
4008 2630
1682 3499
1591 1253
2663 3950
973 1402
3019 4034
27 3518
1796 4938
2142 3647
845 4505
1293 4730
818 2
1018 1667
3583 4158
2800 4549
1036 4291
4605 2442
367 3227
448 321
2976 2588
3951 1420
4578 2830
1944 4949
2805 2883
2741 510
1781 4252
2509 4665
2830 3897
4663 3570
4310 3026
3203 4067
289 742
2112 4476
1795 4734
1700 2837
772 3265
3909 2495
1909 789
1687 445
2333 3813
3828 1959
1804 1230
4223 857
4899 2972
2226 1037
1178 4453
1876 3577
2548 2741
1121 2763
3455 1105
2919 1817
2567 4468
1217 16
1197 4016
4985 692
1458 4385
1718 1756
1949 208
2105 1199
3334 3509
2490 1320
3026 4891
4891 1349
4889 63
4130 4976
3322 1028
3300 1217
828 1265
625 4364
4242 2162
3231 3792
4846 2748
3084 1677
4219 1878
3852 297
4600 2507
1875 4870
3951 1132
642 3964
1058 2091
1339 4129
792 4559
4366 806
2666 1191
3185 592
4025 1224
4442 2772
2500 3905
4824 1950
3275 4148
585 692
4957 4041
4632 2172
3290 2124
650 3539
4716 4479
3238 3506
661 3614
173 4992
1588 565
1385 395
869 425
4905 4640
1353 1526
4254 2230
2369 384
3163 2146
1967 2821
325 3676
2349 4030
4643 2146
3827 1111
31 1150
1695 390
25 1471
4316 3955
4735 4039
4427 3051
1252 4477
3810 2262
3948 1537
2677 698
2283 4051
3626 3326
762 510
3798 1812
1042 2474
4288 2080
1178 887
91 2352
2352 3773
2450 4801
846 1066
1746 4023
1137 4788
1186 1627
1344 4028
1832 4993
3018 1294
2342 2289
2846 2172
1471 2027
4820 3684
1407 1118
398 1791
2812 534
4479 2054
993 2878
1074 1745
3391 3988
2597 2884
66 114
3428 3751
1531 4716
3849 4165
959 21
2595 4361
1742 1439
2551 1282
3396 3671
4841 2277
178 2692
582 4260
29 53
4088 2706
2733 3782
2395 1151
1359 4062
4372 56
2886 3587
3422 26
985 1908
2260 2094
1450 4531
3871 4903
4741 495
1700 4187
4009 3567
1061 4757
2062 3822
1223 2247
4217 1815
544 1593
3106 2179
1488 3269
2622 4195
990 3871
1501 4109
4065 1178
3060 2679
1160 4069
228 3264
330 584
2948 2283
2457 3019
941 1540
245 2862
3282 2813
1574 2425
4433 3728
2991 893
1631 3759
3958 4538
928 3483
2906 621
872 2293
4215 3060
3470 4321
2652 10
1422 1928
1519 2557
1147 4198
3804 594
2861 478
1206 3345
4230 4156
46 3856
3795 3121
1060 2068
1028 1813
327 1416
640 2053
1827 4569
3254 2679
4953 446
2942 3652
2903 1856
865 1446
79 1512
2115 4487
4870 687
441 3055
1532 881
311 2176
4480 1339
828 4375
19 3187
1154 7
3112 4250
3272 3036
2452 1764
4239 3852
4293 2752
4467 3950
1931 2105
1151 734
4784 2826
3569 527
2819 4491
1387 2117
687 821
850 1411
3278 3979
3446 213
1750 1047
2741 4278
2172 3739
2394 3098
4320 1124
776 661
1040 3273
940 1549
3925 466
760 1578
4739 4451
1113 4620
2610 874
3675 1176
1984 4430
4972 1054
677 906
1659 3344
4102 18
2863 4875
1527 1370
1937 2259
1047 2542
183 3691
2038 3307
2838 4192
2117 123
4371 2707
2449 3300
3415 733
4790 441
3754 4634
1407 753
4211 3639
4639 2743
4558 2021
764 1088
2330 1186
2974 1585
829 2091
1304 2136
3106 341
1937 3296
3551 2942
3800 1736
299 201
144 2102
536 4074
3890 3040
2954 987
3541 3773
4849 2602
4517 3673
140 524
3387 2300
2770 92
713 2925
3966 1945
2550 4409
2540 2708
1243 905
1496 3561
44 1655
599 6
3501 349
3891 153
4658 2446
2798 777
189 270
3905 3261
4953 244
3127 3790
3470 3321
1194 611
2061 4952
3124 2481
212 4682
2935 1387
1122 1288
3315 2660
3347 911
3137 4150
4202 4776
2996 4162
2232 3539
1279 435
3610 4667
3845 2243
3753 1009
709 1590
444 740
1367 1242
2891 2167
2630 2586
3748 1245
2296 2606
3468 447
1889 1738
4967 454
3141 3479
787 1216
3485 4397
40 3850
895 3320
613 4526
3815 4179
3744 269
3352 3081
3654 3497
2063 2990
4461 1536
4399 1931
2661 3027
4727 1465
2041 4417
286 2025
4855 4954
2552 3685
1981 1299
2697 123
2222 3428
3556 2849
4090 4622
380 1226
1951 366
1645 1251
1304 1473
3887 4638
3299 3528
1112 2117
3463 2379
32 784
901 4651
3080 3785
1060 1809
4390 795
3002 1485
4859 1596
1944 442
4578 2982
1574 4908
4472 1632
1359 4634
3227 197
1287 547
2096 1797
21 1698
1270 2600
2294 2130
1702 2345
587 1050
4954 4278
52 2390
799 3704
2267 1478
380 3881
460 4178
290 26
4634 4648
2298 2653
2092 4370
1640 3690
4539 2803
4654 1265
1260 3321
2034 496
1565 48
3095 1760
4128 4096
736 4794
1682 4672
283 4065
3666 3336
1515 109
352 281
799 824
3255 2301
1606 3087
1031 3363
845 44
50 818
1852 2986
41 1310
3800 2689
57 2973
2841 369
3135 4871
3822 1386
3861 3113
2682 1233
3243 2736
2571 4874
616 3820
4717 3276
793 4136
816 4367
2055 3107
4007 3009
2824 4348
1421 2595
166 4452
4833 2429
3003 1406
547 404
3319 2511
3857 2112
2204 3680
4090 3345
1932 3842
4704 1595
4142 837
3845 936
2870 3458
3019 1963
2352 250
1558 51
2105 1518
3078 1308
4795 2742
472 2858
1285 3868
3745 2679
4516 3897
3633 100
2981 1601
4512 4994
3400 2609
1348 4401
550 18
1787 4694
655 2302
4667 2874
4644 4691
277 1075
126 3650
1172 938
69 2267
3915 1257
4090 3215
2889 769
676 3620
2410 109
4408 3667
4345 2786
3128 450
3047 3465
2633 3506
302 2124
2294 3047
4145 1144
3295 2544
2301 1815
2251 2291
202 1489
3344 1672
2479 4212
2143 3922
3779 2029
1362 3325
4388 693
2666 584
3050 1608
1175 3756
2847 844
1187 2094
2624 4979
1666 2027
2290 99
4314 4105
476 4876
1669 1719
4581 4047
3005 3168
746 2050
4779 3999
4257 223
4771 3221
3330 2054
3558 4540
2582 219
4184 38
4914 4570
3336 4779
313 1810
1808 1801
3292 2043
2441 4091
3865 555
3316 1084
2836 796
787 3592
4031 4227
4919 4975
3851 89
3292 4850
3513 3546
4265 3027
3399 4644
3677 4091
3320 3048
3313 2931
557 4671
4022 1682
78 338
2586 4500
1749 889
4071 4808
196 483
3887 4940
3248 1807
1077 775
61 4609
705 4534
2906 3939
553 4103
2827 1396
2071 3121
3655 1150
2820 928
1703 3489
3375 4938
4118 2944
822 1149
1012 2132
13 4588
3903 2637
1295 339
2703 345
619 3712
290 4996
3978 3790
11 2874
430 1761
3525 2895
157 70
4791 347
4699 1851
4257 2804
1714 2384
2893 1861
1846 2224
1757 3105
1682 695
2651 2914
223 3279
1585 4638
1533 3420
2185 1287
971 1375
818 2928
4640 2443
3424 4577
4421 2458
3245 2018
1640 902
4829 2963
486 2353
177 3697
4504 1738
4334 269
2132 1428
4790 3282
1231 499
1369 193
3158 4611
3373 4472
289 4259
1617 2537
3529 3321
1679 3212
520 4476
887 1330
3213 3142
4347 404
2329 4482
1038 4453
3925 64
4828 333
962 1846
4218 1629
1214 4269
25 1211
2809 3191
4678 1808
3195 2248
177 3953
3369 4933
328 4131
2687 3008
2591 3809
4442 3998
1549 2746
2410 347
2768 4135
2714 1501
2049 1260
450 3883
237 3653
2480 4600
1954 1997
1428 2230
3544 244
1085 2613
2579 4716
986 1362
2682 2049
2373 3861
4638 2589
1384 2548
2850 1794
4738 1900
858 2798
3552 3091
4055 2640
3301 1702
391 3317
4506 3704
1153 2367
2360 734
2893 2118
2255 2472
1369 2348
3289 4847
838 4890
1126 4368
654 3274
311 866
2195 3344
363 393
1283 4797
2556 1356
4397 2088
743 320
1642 4504
2952 1355
1776 749
644 2682
184 972
3037 4794
1691 4283
4999 471
964 1511
1522 4553
4190 4514
462 1435
1661 903
800 1198
4709 4202
3064 2888
2560 765
3759 3786
1585 4846
912 3087
3381 2918
2013 1977
2765 3477
6 4474
4871 367
781 4665
3448 179
2720 4027
4191 435
3800 2751
1149 2409
919 3962
262 529
4166 4237
465 1130
609 2844
4317 1973
522 3870
2243 4965
4425 2185
3642 3833
128 896
2838 2018
2031 985
580 4093
1004 3098
3128 2397
1964 66
2036 3564
874 3099
611 60
3350 4055
2298 2479
3700 37
3371 3083
1820 375
3143 4955
2448 755
3896 3668
1339 525
1917 165
2293 974
2034 271
1607 1807
4902 2550
1456 764
3868 2985
2291 4589
4498 1036
4841 3083
2831 3907
1606 3144
1867 4656
649 3438
2015 2164
1008 3490
846 1464
3917 1289
907 1402
3909 3035
134 2321
3515 2319
3046 3925
3841 2200
3536 4422
4079 4721
1709 4703
4698 3071
3084 1897
3153 1639
1785 1456
1174 3676
4572 3155
3482 3797
4446 4441
2341 742
2536 1367
3450 973
1427 557
752 1308
2543 2276
2105 3400
904 1241
1795 4399
258 2254
1250 1777
1847 868
1610 1591
1975 4235
1553 1359
2493 4200
3525 4825
2008 4153
1749 540
1524 209
3614 1199
1398 3115
4304 189
794 1690
3253 388
1247 4394
802 4681
723 3115
805 1431
1535 714
1254 4749
2626 924
2734 1164
4123 4547
3994 762
749 2367
4766 3903
2392 1315
4005 4644
2644 2437
4077 4456
2666 563
3450 4588
3998 3080
3253 3808
1867 2653
2289 551
2784 979
1068 1321
4203 4079
4185 3979
1939 318
1269 1607
230 323
3281 437
2745 668
2125 2244
722 4819
4490 791
3660 837
1961 170
649 3059
2854 1228
3511 808
224 3857
3346 4443
3313 564
3471 213
319 1160
4783 705
2128 1716
1682 4522
3600 1722
4936 2748
3821 4619
4688 2570
513 1865
3809 3695
768 4632
151 4287
1163 2035
940 1032
3128 3233
4544 2337
3755 4167
3464 4883
4758 3113
4243 2491
2084 509
1445 4616
4750 3396
4803 934
2499 1425
3431 1032
4215 2271
1395 761
2266 3415
4053 1666
4847 3960
756 1916
2765 1088
1967 4221
940 3450
1511 235
2496 1836
2991 699
507 2767
4287 86
3496 3579
394 1479
4692 1596
2333 4058
4253 78
1370 2463
809 663
1234 889
2471 1817
4070 4354
4200 222
3730 2846
1934 1768
2277 3631
203 108
4197 4114
4041 4921
3994 200
3712 2858
4523 638
3337 836
1727 2918
1097 123
3475 937
1652 599
2312 1069
1233 4209
2992 3766
4710 4351
4145 3850
698 4501
1937 3182
4567 1951
4343 263
4730 990
942 3213
3307 1194
3649 2055
3040 1956
2491 1132
2181 4247
948 1723
1747 2008
3119 3470
4044 1137
2609 1463
4152 3852
3253 4923
4165 3726
2574 3617
4721 3459
4075 3583
1050 190
4526 3121
16 3533
1655 3381
1930 2409
4494 3817
922 4620
3617 1430
2757 3305
945 3335
3077 3097
2640 1437
656 1767
4172 3065
3350 4798
2410 3221
3217 3366
578 167
4100 4451
950 4792
4843 3207
679 4290
3794 1843
4100 4280
4419 4815
2770 1274
4358 3152
3957 2999
2339 3719
2725 1760
2303 2543
1993 1728
1530 3776
4137 4092
3890 664
2775 2385
3200 1404
2777 51
723 224
2395 4744
4118 302
4207 427
2185 3051
3851 1651
915 2803
3423 1274
1348 3928
413 981
4115 3159
1500 2935
2558 2740
4376 4993
319 4481
1246 455
358 4731
4423 1839
1921 2877
2253 2436
4512 642
1135 3524
4229 4207
1170 3957
489 3523
143 1163
4869 3457
4971 2728
4869 3072
2595 4856
2074 1485
2986 3938
673 3643
919 3189
2318 1432
2399 2842
694 2672
2098 145
2954 3800
1544 1163
2399 1252
3959 2164
1068 4790
3331 4000
3421 3350
1666 4923
2607 4638
3731 2039
1227 3910
3820 4169
120 2583
1868 2114
3223 3807
2877 3454
422 3848
777 3046
4255 736
3547 2064
4808 3228
3026 2592
4207 4022
1804 4466
1024 2797
517 4754
1284 3430
4387 1446
3517 1783
2238 681
3119 1786
4628 4908
4286 1622
2534 375
1465 3202
191 4413
684 1588
3946 1405
2737 1806
2900 3950
3539 1203
309 1226
2878 4281
2277 1578
1932 3227
4959 3118
3946 1882
1347 2715
2413 911
637 1981
591 3978
4199 1517
2641 1394
358 629
2610 1930
1136 2702
4171 1957
312 926
186 3135
854 1559
927 2912
4279 584
2368 1446
4389 3733
2984 1489
3986 1318
4193 2578
4983 4815
2586 3898
4729 1485
2478 66
2318 250
3503 3892
3147 3757
1644 1527
3645 3236
1430 978
1776 4386
4611 1393
953 3641
1908 191
2722 1212
422 4902
270 3469
2995 2150
684 4948
4547 3080
1131 1631
4612 4711
999 3308
4625 3124
4461 3909
2923 3179
1891 3438
4959 963
1500 3159
277 965
2298 3982
1292 998
4238 1809
887 4562
4833 292
3890 2371
1364 3221
3154 4592
4711 544
3956 979
243 1505
3224 1713
500 3228
2786 1814
2257 827
4544 4013
1357 1050
1369 1861
4247 1527
1879 320
2101 2319
2229 1307
4008 4800
1681 3820
3857 2857
2768 3781
4151 1455
1571 4652
4848 2475
2447 4114
1964 1636
4398 3687
1818 4249
585 56
1822 1493
2683 221
2980 396
1458 2167
2956 3574
167 3367
1065 4039
2850 4983
4546 1774
3536 1364
4921 2223
2709 4996
783 3346
686 2758
948 1953
2450 1409
4504 249
4027 3302
4013 1530
582 4406
2485 1591
222 2500
3111 3440
3395 3459
2666 4840
3488 2462
902 1035
1184 1215
3345 825
4125 3499
3697 2923
1945 1997
3383 2438
16 3837
3075 719
1385 4147
1650 111
2120 4663
4451 3361
2576 875
454 4910
442 222
4421 327
647 1233
3016 4962
670 1592
3973 2080
1130 4327
3485 2290
3444 4617
1178 260
1198 1612
421 2462
4877 2133
4596 4846
4162 3342
3855 1138
4698 3051
4047 2487
590 3896
2958 684
1996 2374
483 2752
1360 3536
589 1358
2783 3811
3049 3244
3352 4350
3315 1815
2541 2558
1391 3677
1906 1045
2004 4574
2526 1043
1621 107
1965 3083
145 4271
4580 4589
1635 1628
2512 3429
475 4674
777 3964
2529 1883
2035 426
801 3367
4037 4576
930 219
3386 3352
70 3472
2980 4407
4969 2891
2727 4668
53 1100
2235 3179
3093 4434
487 4700
1384 3018
2054 2944
372 1650
4133 2010
4304 3407
1577 2028
1080 3350
1117 3332
2499 4501
4580 4112
4357 3724
1486 4778
3979 90
1423 2432
1705 4653
473 253
4951 491
2931 2828
4084 863
2121 26
1889 1597
415 1019
1745 3846
3433 4724
2188 2590
2059 1163
233 751
1773 3511
3868 813
704 3661
3324 172
2543 4567
4796 363
2920 3757
4386 3949
1197 1894
3529 3420
2179 1023
987 4150
4045 2959
558 4153
2661 854
89 4912
1119 1274
4090 974
2707 695
3465 3959
4222 3990
757 174
3986 4318
4623 2059
1785 1479
4322 1380
3034 523
4046 297
3464 2640
1151 2450
3630 1003
1708 3302
1861 1383
489 1895
1633 13
1282 1079
3168 1307
2872 1509
727 1303
970 3098
2120 3278
4533 1561
388 228
3122 362
190 1923
165 2948
995 3397
3301 3156
3822 3007
13 2683
3859 727
1416 3432
961 730
2574 1531
1456 2525
964 4831
614 1967
37 2914
324 4001
4837 319
3884 2376
298 2948
4298 3926
2706 560
406 276
4022 1821
1543 2351
2602 4322
2680 242
1375 2768
4510 4934
4190 1399
3536 1906
2935 4671
4234 2491
3482 2459
2685 1772
3573 513
4390 1693
2 2226
3205 2532
2816 3043
3481 4360
1165 2081
3307 285
3474 2386
781 417
1730 3351
422 4594
4720 265
1254 1621
4236 3319
2417 1217
1070 4050
4928 1828
622 4391
462 4897
756 3978
3973 2198
2476 2807
3948 2711
4129 2700
3141 1970
4625 1350
2536 2272
2511 863
4383 4767
1422 2223
1652 3730
483 227
1714 3603
2396 701
3899 2455
1069 426
4311 4589
4061 4078
203 3788
2272 4425
833 2161
4199 312
2350 2272
232 4108
2683 2002
4888 1560
1738 1051
4215 3295
4870 2345
222 4271
243 799
1514 2449
3834 4035
582 1006
2372 4196
287 1888
490 2282
3266 2230
1056 1816
1510 2119
2548 750
1558 1357
569 3316
4435 595
1778 424
166 4572
3720 1342
774 4022
4393 4486
256 4118
136 3733
3451 4808
89 2354
2332 1723
3260 4906
2300 4311
658 3311
1356 524
1348 1204
2193 869
1377 734
3160 955
3688 3529
2810 2973
3659 252
2481 888
1161 4578
1450 3657
1134 1207
3858 2074
1393 4884
3772 4903
170 1589
3756 46
2683 4481
4536 1001
1730 523
2372 432
4892 2728
3236 966
975 274
1178 4265
1170 890
4878 2462
2574 908
548 933
1258 3241
1880 978
1704 2358
1403 1806
3846 1346
1915 4191
1008 4993
2551 2548
436 4989
4101 538
2222 4081
173 2541
2416 494
1019 2190
1976 4941
732 1044
1127 1791
4777 2533
1056 222
4968 2451
3702 4038
1810 3484
4674 3040
1703 3479
889 4189
3291 2079
4803 2183
2873 382
1139 1416
627 4442
3766 4049
1783 494
837 1280
4044 4631
4360 1513
1570 3160
553 2370
1644 1607
2845 2656
2986 771
3881 3368
835 679
4161 603
93 2611
2595 2713
2469 4183
934 1841
3943 2011
1742 4908
103 2297
1069 388
21 2829
1194 1544
1075 3847
3612 4748
3099 4660
4983 3205
1620 2541
1335 2753
1501 1322
1228 3474
2897 3618
1544 4444
4063 917
913 676
1132 3621
2068 692
1319 4263
474 1224
1434 2610
2916 680
3544 2423
1059 3666
261 2820
4448 2259
4882 1099
1468 4248
4092 701
4501 1223
294 1534
574 3592
3031 4283
405 400
4280 1292
233 1266
20 1627
2252 1898
1579 2745
4625 1052
2129 3739
314 3221
3552 336
3687 2139
3284 1240
3888 2240
277 388
2211 3173
1652 3977
552 2650
1677 4026
2797 2260
2000 2454
1159 2220
4183 3745
211 261
256 3360
3248 670
3577 1847
319 2559
3550 2652
3885 3037
1695 226
2805 2190
2835 235
848 3355
2476 1097
3732 1012
268 1377
4626 4260
2979 1285
1069 1407
1398 4205
4647 629
3798 1146
3685 3186
2383 214
1389 2208
4448 1026
2717 2807
3946 4007
1247 3293
205 4897
2490 2523
60 4606
936 3792
2180 2668
3895 1317
546 1098
3610 743
1354 4756
3355 1854
1440 927
1957 3144
4520 4647
249 414
4050 4797
4973 3915
2169 2298
2469 2755
4927 2524
1446 4780
3191 3892
4188 3243
4761 568
1738 1380
2358 3026
1641 1980
1229 2387
4354 1817
4603 734
2669 4904
1868 1637
346 593
3341 148
1684 3421
3938 461
3806 407
654 4747
3269 2288
1487 4648
4725 2941
2050 4940
3982 142
1431 4988
233 4589
556 2408
865 2449
245 1701
934 1078
2943 462
2819 36
4497 1464
2568 405
3288 1910
2426 3917
4019 3568
2949 3996
3745 2500
2774 3553
4055 1020
2886 1775
403 1456
3063 67
1848 4753
3735 4077
2959 2174
3232 2454
573 4951
4181 4565
4417 1128
1429 2976
4078 3785
446 4681
1189 4006
99 4920
1020 4483
4643 283
3735 4258
3179 2850
200 4465
3241 2473
3058 1452
404 4842
3543 978
3598 157
806 3577
329 2500
4583 1344
2475 1246
2871 3011
2591 4344
220 4852
2496 1222
772 1998
4643 4501
4893 4404
1317 3653
3776 2696
2852 1452
3771 1122
1921 3418
338 4671
2551 4563
3458 372
4064 4658
2056 763
1968 4724
1416 2989
165 3717
1842 3538
4954 1451
4321 4326
3581 1767
781 4848
4011 773
1936 1272
4400 4157
2433 2880
2456 136
4815 2766
70 1333
3027 133
4898 4785
1938 4594
1297 1271
3793 4260
1965 2196
1708 316
3125 4232
1849 3846
3621 1002
1875 1127
3800 509
4969 36
3758 4070
4174 3315
3789 3581
4568 3863
504 4483
707 4363
4732 3344
2447 3713
4147 1343
4624 4287
2519 3000
4074 1698
3199 1308
4628 2294
1579 1041
3294 912
1218 1350
4905 1772
2940 1751
566 4193
1633 409
2462 2754
2194 4322
864 4966
75 2221
4379 1824
1509 602
4803 399
1989 657
36 690
304 504
3632 1169
473 201
1934 374
4744 4625
2614 3027
1258 921
2346 3173
2137 2176
1476 3806
3033 988
622 1395
4589 1157
2784 1155
4731 2006
2501 4126
4311 2167
2360 4302
3654 2752
1531 4631
4013 1601
4490 3653
2618 2721
867 1672
4992 4810
757 2135
3616 2793
2014 1532
2813 4017
3286 3540
4098 3721
1649 3318
855 4082
2670 4819
152 2243
1540 4572
2732 2100
4905 2235
3041 95
2089 2457
4073 1377
1181 4040
2751 3794
1075 4051
4085 994
1472 2228
3153 2190
4697 1451
1175 1649
1726 1469
2136 4579
3330 1502
4348 249
2177 294
2754 2934
836 3151
1312 2486
4767 1527
505 1886
2022 4722
3966 2060
1666 2675
3862 3745
773 922
506 4656
2812 1440
1431 2891
883 375
4890 1478
1826 2479
2764 2014
3001 4185
3203 2607
1019 3721
2980 3965
1922 1327
936 741
3130 3788
3754 4583
3095 518
2340 470
4964 2205
3459 3928
730 4393
3639 2714
2647 398
3558 1633
19 3845
178 4434
4725 4638
2729 3705
1123 2875
297 131
239 3443
4814 3933
2504 553
3035 3940
2851 2315
2328 3406
661 3785
3205 4014
1270 2680
4703 576
2385 4537
2397 3435
3572 1249
3072 4528
3629 1515
2188 627
3517 902
3754 4177
2870 2071
199 3586
4765 1822
3062 2603
4126 2491
2875 3299
2998 3262
340 3282
4821 2062
707 315
628 1724
4002 2832
2464 1759
2349 383
4647 4049
4398 742
2919 4730
3662 3146
1362 721
2472 4238
135 2412
798 1813
213 4035
1933 1020
369 3122
2490 4965
1369 3706
1018 606
2625 1615
3950 1359
1253 1767
789 172
4550 2249
3826 3811
4742 3135
544 2118
658 3492
2687 510
2831 3002
3094 1443
4014 4623
298 2174
4188 4986
2485 1105
1819 2312
2333 1482
128 3776
2415 1998
2014 131
3795 2182
1808 3991
2066 4378
4767 668
4333 3504
518 2153
4937 3059
1128 801
1138 1013
4159 861
2827 314
4243 3157
1739 4539
4375 4351
4713 88
2223 3260
4659 4101
1267 2843
2328 710
4170 1244
4162 1408
1352 1515
4119 1883
2637 4030
2132 398
2424 325
2757 2634
90 3497
4586 36
4722 2413
97 4237
3589 4445
2043 4410
3367 996
2496 3217
1617 4163
2282 4831
1856 683
4764 1377
3058 445
4468 3420
2057 50
1728 925
3810 838
314 2672
3742 1605
3045 2172
2954 3410
3276 3187
1700 3747
2790 535
236 2947
458 4151
1613 4970
3763 858
3627 909
3113 2359
4416 3100
1575 1062
114 3042
4412 3397
1638 3928
432 2786
4767 2536
2011 4186
2005 4002
3361 1584
4185 3403
815 4209
1020 4736
1784 3952
2375 807
4236 3111
142 4606
3154 505
4387 552
4852 9
3848 2826
106 2502
1744 1308
4571 3181
4485 470
4339 156
878 2375
3755 312
4093 1104
558 4155
2848 841
3005 1903
1046 3566
330 3207
548 867
4809 2852
4971 2932
1923 4153
3104 3215
3322 159
1529 563
877 382
1547 3195
3686 3064
1059 4556
3684 29
4845 2461
2650 2115
1904 3172
2459 1717
1076 3419
2674 2391
2890 1427
2473 4898
1406 814
4883 4557
3745 1908
1152 14
3186 3094
4899 1694
1397 50
2081 3959
3521 2080
4719 202
4032 4004
4953 3815
3396 2104
345 2972
4123 988
922 3889
4989 1025
2534 4921
32 3047
75 3375
2747 1719
2568 3093
600 2493
3065 3460
4979 614
5000 2731
244 1732
1260 4404
4799 1315
2301 2802
2452 2398
1929 2663
2701 2834
1079 515
2414 441
958 245
276 2448
4019 459
627 4762
1697 3675
4327 398
3430 2920
4746 3605
350 882
3183 1269
489 4995
21 4610
128 2804
4980 2059
2910 1452
4817 1114
1660 486
4111 4497
4708 1701
474 3356
4129 2367
61 2136
3736 3200
964 1618
4612 736
4723 3609
2934 4802
3867 800
1038 37
1955 3019
3285 1965
3926 1425
2876 2566
2712 2092
3217 1341
2687 299
4516 3029
800 3533
2506 3295
2317 2287
1719 2759
2789 1540
1029 4523
4405 4943
3533 1936
4968 3744
4459 2448
105 896
4804 3313
2412 722
783 396
3998 1404
492 4778
3316 3963
4084 3255
4638 3105
103 4310
1180 4058
307 2681
4107 1134
293 2046
2752 3854
3280 4527
4353 3822
316 1903
195 3836
2018 992
2953 3422
2790 3101
3237 791
4527 2049
1125 1495
990 2086
4492 1396
1584 276
4233 4244
2864 1140
3603 2366
1693 2988
1670 4760
1220 1655
572 2767
3885 939
3540 3301
2446 4206
3981 657
1250 2115
2145 4690
1481 1021
93 390
3780 3715
2388 2853
4513 2055
811 198
452 507
4810 3154
3659 3785
3571 435
1614 4957
4454 408
522 4324
1240 661
262 3451
4840 4004
4834 4970
4315 2062
2205 2463
1712 4897
1575 2911
1963 1342
1706 1992
4645 3824
1801 3096
531 3958
3626 674
265 847
2602 1645
4252 2574
1799 3058
4898 1500
1437 4099
1540 3889
4722 1658
3104 4912
2276 2275
280 3253
3805 2674
4713 349
3480 2794
1516 1086
4208 408
4428 2131
2178 2534
1280 1847
1199 2158
1164 1877
1492 4332
3516 570
2461 916
750 1709
4115 2274
21 2032
4273 4643
4993 3007
1147 1684
1322 3158
1321 4761
360 1490
3443 3585
3218 590
4666 1455
4834 522
4575 2274
1004 3860
1495 1383
1964 1729
1642 1908
595 3288
25 3242
3748 1289
4356 3969
4438 1434
1403 4762
782 4245
1346 4382
3305 4795
1753 186
376 1046
1665 113
1059 3520
1854 3590
4111 4081
3660 4157
1047 4122
1441 2607
2870 690
1830 2442
2338 683
4729 2887
3203 3375
2293 4857
4106 3982
1910 3691
2440 3339
3267 1254
4702 2919
218 1987
4091 4149
1556 2089
3221 3403
1564 1554
3502 2733
1208 4737
2838 2340
2150 3541
210 2463
1104 3598
2740 3655
4285 279
2864 3065
3933 3915
679 557
896 3355
1677 4532
3492 1959
1309 4063
2133 286
1634 413
4966 2368
1244 2017
4780 1659
2967 3328
4264 4306
1792 2126
827 4544
2791 220
3243 4642
1935 324
1319 3262
2634 1799
3753 1974
3514 4781
1811 3995
4305 1038
3222 2668
2449 4485
3832 3979
3394 4532
2358 2172
2970 2317
1199 393
4436 3751
2161 3185
1184 3982
2122 1462
373 920
3254 782
4287 4951
3770 4566
3803 1088
4209 1292
3706 880
244 1384
4646 3686
833 3033
1269 2545
3867 310
2771 3559
2188 2454
2167 4252
3678 2411
4388 3240
1569 2429
75 699
1685 3941
4675 4733
1105 321
1202 3992
309 3081
897 3770
217 1809
4395 1657
4132 4616
4497 2251
1325 918
2255 4077
1767 3462
3930 274
1090 2203
4731 3852
807 2036
1571 2887
4059 3094
331 1234
4784 4595
1866 2805
442 2573
2458 3425
549 17
2718 2501
2273 4235
2641 3130
1108 1050
4346 3208
1331 1157
2846 1776
455 3010
2345 1946
1800 892
2919 4096
2449 40
927 3442
2537 4963
3805 1206
2771 697
1164 2326
1875 4306
2932 219
4488 2490
713 3708
983 3201
2781 1860
3062 2257
2932 3191
4099 1554
2874 4553
355 4824
1032 3937
2390 1844
2333 178
4468 1136
780 740
4100 1194
201 2272
4698 4550
3139 597
3015 1643
4695 3634
2239 4958
3689 1179
1339 4643
4453 474
1561 3163
1985 4773
2889 1094
4607 2037
3616 2367
4841 4308
4773 4229
2054 1844
3574 3140
94 2200
4740 3107
3796 1045
882 2720
2104 2273
3484 1300
3844 2830
3881 136
2232 203
318 1444
2607 4513
1084 1468
4114 2482
2162 4073
3193 3112
2881 2528
1101 3973
3069 2101
982 3662
3502 3722
2697 2593
3506 3580
1241 4981
3517 1769
3256 649
1444 2014
3739 3664
1068 4787
327 2372
3378 4891
356 4415
2714 1175
469 2879
4678 3385
3550 3284
931 3301
211 3014
1916 3521
3922 2319
4156 464
3859 207
2324 2393
295 794
1104 512
2114 3284
2028 3114
1005 3091
1110 2785
4769 816
4003 3233
2465 4073
2755 664
2881 9
1797 2641
816 122
3271 2162
3923 1815
4796 3369
4358 2685
907 2361
2743 1665
646 463
1981 4330
2628 3133
1714 870
3054 1953
3267 944
4885 4699
3650 326
3697 4948
570 4487
3473 963
4352 928
4612 222
785 3140
4986 3372
4561 2539
286 2596
4841 3406
823 4955
131 1581
1206 4572
832 2229
4222 2020
2615 4645
2008 1758
286 2639
203 168
4984 4290
1437 2118
3939 2456
4343 1313
2779 4114
4105 1711
3958 1685
3748 3787
4778 4479
1307 2699
1415 376
3711 702
1054 3513
1556 1377
2511 1188
524 4411
4770 3801
1274 4814
1447 3438
3291 450
3937 1942
1419 4064
3562 3584
2336 3567
3977 4119
1926 4592
4670 1787
1521 3502
4398 4890
2526 3157
4243 3640
2715 507
1223 2355
701 3961
1304 2720
2402 638
598 1995
1341 4278
3450 3822
2773 3424
1175 1690
3105 4536
1900 3992
2832 3103
2520 1948
2596 759
3621 4330
4716 3093
2775 3368
1908 309
4713 2065
1419 1663
4701 4156
3636 1016
299 2055
3340 3044
4813 1439
1086 1478
4384 942
4411 1223
2635 3403
308 4430
877 527
2503 4324
630 4942
3500 976
3037 3119
4620 2124
4306 1656
108 677
3812 576
3411 1559
2588 4335
3116 4409
2282 461
138 3311
1343 2985
1376 1735
2690 3205
1242 4304
1548 4660
448 1648
4851 2237
3108 4906
1857 3870
3761 1362
1757 3630
4293 3775
2099 2564
640 477
1075 866
3796 4547
4931 4865
676 2813
4394 4384
4303 4679
1575 1664
3156 4525
3924 1632
3731 121
3395 2900
4566 2945
4650 96
3916 123
2999 1048
101 4324
589 4540
238 3282
2576 39
3602 2998
914 1133
1348 2800
587 2233
1835 654
1393 4641
3459 3358
3463 2635
3893 4304
3465 3316
1338 3353
2062 2359
19 290
3094 4194
3474 1708
4271 4582
3734 3971
4451 2062
2532 2414
3156 4159
4184 350
3573 2646
4626 3563
2898 4641
461 400
259 1093
1202 2583
1556 3640
3014 375
3384 3425
2560 2120
1556 3963
4514 1266
3593 4199
548 357
1470 1359
1338 860
4934 4851
3657 768
1890 908
686 3551
739 2994
4628 4740
2352 4167
3866 602
6 4853
4016 285
4720 1805
3909 4282
219 895
2187 4568
4987 2304
787 56
3900 1832
4256 1928
361 2344
3858 3035
31 2148
4743 3359
4691 1099
473 843
1120 580
625 3586
1382 3483
1494 1041
4983 547
2536 1414
781 1495
2075 1662
428 4213
1066 3656
2369 406
4408 480
4558 838
2337 3144
840 3272
176 828
4711 2874
3087 4052
1033 1066
4473 1868
95 4984
2115 1649
2336 2669
2636 1137
4831 1547
4583 2788
1566 4801
1115 4514
4426 916
3705 4656
571 3059
215 3072
2937 181
1420 2999
3290 4514
929 1119
3924 2776
2838 4121
1147 4874
348 1348
1041 325
4743 4138
2009 3078
1756 2660
619 3898
1834 3780
3657 4735
2499 1095
3978 1293
1741 1237
1952 2607
1326 2221
1606 4143
1372 4140
1378 1989
1470 1570
1641 551
1762 2297
3915 1567
4394 630
3116 3634
4896 925
3199 625
3287 1505
3261 646
1640 350
133 153
4721 449
1091 777
3691 5000
4715 3710
4787 2999
1643 720
1450 893
172 1554
2961 2839
332 3437
3915 2869
283 3647
891 219
3348 3982
3273 58
274 4628
4916 4628
3819 3683
3421 2332
1339 3423
1393 11
3097 151
2112 251
4037 2641
2505 2985
2187 1572
466 4729
4809 3944
1202 4836
3138 3666
2017 2229
2014 1182
1710 2161
744 1593
4932 3823
329 4560
2078 2530
2923 1069
3031 3594
3741 2714
4292 4477
52 3038
424 651
4754 3887
837 4401
1910 1637
2392 4472
4285 1820
1983 1637
526 260
837 527
390 212
3502 1500
2820 524
2512 3192
568 2117
3094 855
843 2655
241 3817
1095 1095
1554 2776
4972 4732
4917 378
3077 3293
944 4647
409 3211
2831 1391
2358 2356
1187 391
4878 1507
1252 172
2850 556
2583 3683
3921 2563
4901 2272
1241 1507
3167 2185
2483 2528
1312 2304
2566 4613
2016 1784
2594 3260
237 4057
2099 920
67 2588
1832 303
3259 3522
2158 1059
2561 4865
169 3030
1351 1797
1796 2894
2221 3154
1581 4758
1016 2207
2347 1098
1698 4696
1301 548
3471 621
4289 1607
1068 153
4561 1257
4038 4950
687 4322
4165 4782
3370 4997
2826 4756
3239 2407
2224 1555
4023 4400
244 4512
1823 4425
1426 3119
3550 915
3721 1439
2861 4728
1006 3325
1675 1783
2637 4854
2781 496
2063 1292
4889 2993
1167 668
4274 241
2960 403
2855 551
4120 322
933 1027
3461 1191
1923 4932
373 2724
1796 2984
4961 4743
3106 1700
352 384
108 3995
1162 430
871 1493
1928 2595
2935 3269
1625 4190
2946 178
195 3251
4189 1737
4869 2962
3831 4776
3633 581
1791 4922
1028 4149
177 2664
2570 3087
1466 1503
3622 4684
3064 3954
2613 1576
2350 601
3725 1827
221 4936
1201 1874
3949 2304
4382 1360
347 870
363 2186
842 2984
13 1623
2250 2365
531 4798
3405 2199
916 1597
2075 369
1740 2861
4750 2728
2281 3578
2355 2596
4625 4098
1368 2212
2177 4080
4656 4092
57 3323
3019 125
4742 4469
3476 2772
1760 4633
1149 163
53 2517
2402 3432
4614 66
3340 1364
2685 2689
4048 3635
2562 3009
3422 3022
4600 3536
2590 96
1402 1564
2251 2868
1081 3319
1665 4092
1375 1389
4546 1100
2355 3073
3133 3883
4534 542
3307 2898
3495 1622
1551 467
4526 3025
4335 2331
4842 1588
2387 3485
4083 1728
2547 682
491 859
3864 531
4640 2636
1853 3291
1208 2147
576 2352
1639 1842
4761 880
3359 4684
2328 2974
1052 434
3265 738
1824 2537
1080 3201
2999 2557
823 2132
3412 740
3970 220
4212 2086
4865 3944
3077 1147
649 3268
1005 4266
2385 2399
2949 1918
887 2861
1338 658
2235 952
602 2365
1219 2677
3674 4492
3079 813
2652 2665
3681 3568
2936 2040
175 1086
2788 1162
2127 237
4309 210
1607 4375
4775 2896
1238 3543
1785 1429
4506 4889
3449 1223
2027 3728
3874 979
1719 4725
4023 471
3340 1073
3725 180
2656 612
3682 2682
3869 3530
3180 2365
2005 811
1027 1417
1027 1630
597 1333
1181 4083
1894 2877
115 740
358 840
3510 4560
3367 1207
3844 1353
2765 3634
3781 2686
3174 4985
169 2695
2358 4196
2664 3668
4779 1108
1214 1761
884 4112
4084 769
696 3064
1608 4496
1508 3294
3947 2634
3522 255
387 4825
701 469
4351 1833
1552 123
2576 1315
1622 2677
3178 1895
804 589
4371 1148
177 349
3192 1291
4568 1326
3169 1507
2222 2618
2388 1318
2880 554
1878 3213
180 1885
1131 4949
2697 3154
1852 2835
264 3175
3257 408
3905 1671
2257 3985
835 2402
1071 3203
2448 1831
1430 2126
55 619
3108 3266
1241 2982
1280 3452
3011 3640
3809 2293
1382 626
4181 4882
4327 2530
543 1464
3732 4313
2350 3246
4772 3966
2279 375
3823 1780
3762 1443
3853 1051
4654 2999
3207 3916
2376 3405
510 525
4796 974
2223 1292
4437 140
2703 1238
2302 3087
1467 4902
1858 2943
3059 2566
2664 3494
4886 1462
3297 3443
3124 1973
326 3674
4343 3650
313 421
1014 643
3240 32
2929 4404
1195 2163
4301 3656
3358 2429
969 2747
1524 1938
3772 2355
4322 5000
2345 743
2990 3430
528 1033
4249 4164
1488 1362
4109 3966
4489 873
2161 3177
3666 1398
470 3116
487 328
4587 3509
1586 2943
36 2682
3610 3797
2089 1109
1193 2242
875 1337
4017 2364
2968 4191
2868 2211
4219 4695
4829 1875
1456 36
4890 4377
4897 642
4242 62
2355 2707
2951 4849
2984 546
2881 3111
2671 1865
667 2698
969 313
3228 2970
2559 3078
1370 1977
4071 1219
1253 1598
4846 3734
1263 4061
2338 2024
1865 3065
3734 4409
4712 338
2846 120
2626 3028
1479 1145
3696 4269
1273 2384
3640 299
3333 3384
1744 2217
807 3402
4553 3271
2494 397
1130 1502
160 4465
2572 1171
2411 2215
4238 4097
4170 288
4294 642
1503 4883
4764 3772
4816 2098
2014 3204
1623 2456
3944 4303
2197 2209
670 3844
3157 4451
3151 3943
582 4433
1387 2314
3964 368
58 3265
3271 1707
2054 3636
3105 2610
4492 3796
4148 2033
3908 2062
880 3566
954 796
4368 1206
1308 1495
4567 2311
2752 3189
2173 1500
1487 4424
3312 1589
2286 4270
3262 4990
2137 2801
1250 3496
3870 3273
3843 2342
1542 3239
832 3691
992 2746
3055 3974
1177 199
2160 3793
959 975
4258 2395
4566 2958
2452 2066
2508 3033
4778 4832
654 2689
2411 3783
3075 2018
1186 3229
16 413
1062 1261
3839 4574
2451 4956
4637 1536
2025 1447
3651 3515
337 898
1182 1839
2696 4176
4011 636
4381 3515
3776 31
1001 4043
1786 3708
3757 4580
3075 4887
1646 1843
558 3051
611 2255
1819 3680
4731 3971
17 380
395 1271
1348 3025
3014 2455
66 3795
1096 3602
2523 3813
415 4399
4280 267
784 2965
174 2985
1340 1975
2657 394
2848 1485
1188 4935
3477 4364
1240 4396
3542 2741
1358 3081
3825 1918
3929 4781
3960 2838
2838 3543
772 3156
2780 4170
599 4700
4893 4621
3034 4375
4051 4867
1737 4347
846 1531
3296 910
4342 4917
3232 180
4683 1549
645 1200
1033 4983
3982 4033
3157 1181
2615 2198
3613 601
436 1483
3039 4379
2461 1080
2712 264
3231 1582
4750 578
2597 867
2269 2690
2459 2397
3 374
1543 28
4047 3393
2414 2505
264 3438
3007 309
1405 4480
1041 770
4494 3555
3528 258
4907 1540
2472 4123
525 288
2095 1359
2553 2547
4983 1606
3116 2267
570 1989
3160 4260
2276 4917
4212 1979
2507 985
3495 435
3062 4342
2442 232
2797 466
3609 1426
1141 2411
2777 4266
4543 2464
422 4922
947 2408
221 4717
2909 821
4330 2224
1480 820
1629 2170
2808 4585
2440 3972
4733 3248
1096 1808
3549 4885
3532 2990
3983 2027
1210 3032
3108 2912
4626 4801
2930 1856
3590 4087
1313 3932
4010 1677
2764 114
4182 3831
20 3826
4581 4945
383 1508
3362 708
145 3616
1947 2641
3808 517
4137 1228
2555 357
3984 1975
76 452
411 725
1364 4432
4485 4775
2492 220
773 2938
1393 2602
1858 1484
3779 1822
4116 1820
3656 70
4280 3508
975 4396
3034 4550
4215 2940
4230 1417
2405 99
544 2409
95 2230
4667 797
3783 1865
509 2251
2427 876
2198 4579
1980 4913
2591 3926
3309 4303
2136 766
1140 3512
1375 1796
4295 1517
538 3835
1429 388
4610 2567
885 123
4580 4355
405 4270
1652 3854
560 4441
4258 2402
1906 4516
2132 1282
4459 4481
2235 1638
4052 4500
4405 1417
3192 2876
2225 4029
3916 3285
4723 822
4199 832
1420 389
3689 3206
827 3697
190 703
4905 4098
4607 3175
2518 3749
2838 4168
4342 1121
141 462
973 2586
1176 1234
22 3542
860 3533
3656 3355
1917 2312
1799 2922
1900 562
525 3368
1599 2572
2690 953
2731 2858
357 2489
1830 2296
2681 1513
80 282
1178 1433
168 4077
1810 481
4107 4065
710 2657
102 4692
2794 480
2089 4802
2039 3530
1320 2838
3837 3053
1962 4528
1554 2686
4502 2192
3462 2705
2275 733
3219 732
1569 4623
474 4456
3995 4767
1518 270
4788 293
1279 1689
2603 4251
342 4050
350 2826
4341 78
4586 1708
1320 3909
3212 4525
4192 2400
2473 4562
808 2039
765 3428
1901 927
129 4715
4250 969
2278 2348
2690 1188
2832 963
2597 3342
3703 1635
4207 2524
1560 3368
1691 4114
3405 4267
1054 4470
3692 907
3161 382
2569 298
1535 2669
2142 4773
4743 3566
3589 3451
3211 1848
3802 2659
95 364
682 2582
4312 1995
1034 1554
4955 3248
2756 3686
1482 4607
3308 3927
4335 45
2175 3145
941 936
4191 279
366 874
735 3682
2666 2262
700 1685
1307 1992
4353 1923
710 1268
3874 3075
4652 4683
2759 3153
3060 2189
1121 3596
3656 1644
417 2315
4537 1424
2712 3106
4088 3967
1407 4089
911 3956
439 1148
535 2272
4774 714
4786 4454
2077 3893
1046 4652
1986 593
1325 694
2893 2610
2063 2560
867 4206
360 44
2867 210
787 2892
2608 3529
2654 2890
1600 2391
4098 2115
3012 4200
726 3214
1973 2916
3906 4731
1460 4510
3968 764
3948 4621
3866 3042
1080 3531
1171 1301
3826 4463
2390 537
1120 3572
4151 892
1725 421
2821 613
3082 4143
4914 1392
938 1404
1665 685
589 271
1917 1794
2358 106
4742 3146
1639 1347
1124 4456
2121 877
4073 3920
84 3591
4009 3313
4834 2806
3588 2036
2242 475
2182 1853
3208 1022
226 3927
336 2886
3394 4965
600 2324
3458 4736
1124 2355
880 2622
2937 4041
688 897
2484 4950
2920 4522
2550 22
2827 2204
2224 50
806 358
4267 647
3442 925
2922 4736
2685 1293
2437 3
385 2154
95 4706
1493 1297
1068 1501
2061 1440
4298 2774
4946 4315
4580 3286
3119 3708
4832 1241
3664 4202
4216 784
4585 2113
150 1543
1134 4730
2384 4193
4845 3449
282 1975
4751 40
990 4043
1060 3354
3240 2548
1498 3355
601 2317
3732 1899
3882 2415
3715 3699
3994 1024
3383 4759
1312 475
3120 3412
2189 3335
2545 4145
2184 1064
3758 3930
4296 2212
686 197
2089 449
2345 1060
1836 4892
207 3147
2679 3704
1291 702
4702 2294
2010 3665
3399 826
393 652
4211 4177
1079 2484
3236 1529
4300 3632
911 4146
3833 4281
4040 1956
641 1852
87 2647
65 1153
82 4653
2450 4211
4015 2635
4750 1189
68 623
4265 1291
3168 9
3913 108
2940 1135
3200 617
897 1755
3489 2701
4615 473
1211 1248
1888 1440
209 811
2810 4390
1851 4699
2960 4412
3413 4372
445 1438
3621 4620
1738 1522
2245 4493
2807 1504
776 445
3939 882
2985 1812
4465 479
1490 1842
1427 1722
568 2548
4112 3974
4157 528
4676 497
2995 4427
2828 4806
1948 1299
2024 4932
2359 3298
848 3536
1262 4785
3553 1205
2695 3307
4254 2729
118 391
2112 2999
273 1030
878 4113
3080 2288
4718 2401
1977 189
894 4114
3919 2282
3847 3567
2944 2718
2696 1848
3512 686
4537 2413
4468 2380
3704 4419
4952 2480
170 393
402 234
2342 2292
1627 4278
2169 2772
2306 681
2178 221
3911 4752
4914 971
1920 4771
4644 4470
987 675
526 3202
2658 4484
3942 4949
2489 4863
3078 2518
1189 876
548 1620
172 2661
4178 3757
2769 2802
3951 2902
4022 3016
3279 2058
1815 4909
4339 4563
2027 2389
1810 1673
4606 1910
940 2795
1906 1921
3739 2695
1182 700
4680 1043
1652 2494
2002 507
2780 3916
2776 2978
2810 3719
1117 1239
4162 4388
3984 2423
4033 3255
968 3150
966 691
4765 3537
465 1376
598 2130
2785 3061
1776 4365
281 4742
2815 3730
1906 576
3665 1167
1316 4412
1848 4802
1527 735
2793 2884
4068 1046
3119 959
3385 1291
2246 1133
2686 392
1479 2461
494 1635
140 2622
4775 4584
3501 4747
2628 4149
348 2864
2706 3599
4772 4060
1540 2288
485 2263
2356 196
3731 4835
348 3115
1327 4734
1960 4322
1382 3403
1107 2153
198 1982
1013 1112
2175 4967
108 1502
2501 1064
484 242
2815 284
2416 4733
878 4354
3036 1803
2528 647
1427 4703
404 2274
2430 1652
4699 1321
2361 3348
4079 2936
2193 2377
746 1314
1807 3266
3927 13
385 3308
4147 429
2157 2900
3390 2241
3188 1003
4817 172
3998 4345
3908 1674
2218 684
4338 2393
1534 1748
1519 1831
416 4094
2459 4429
929 989
1969 4903
149 1620
3844 4312
4227 2759
878 3624
4503 2207
1785 4152
171 2326
3283 1090
4154 4416
330 4897
836 586
583 2052
4194 4423
4160 467
2181 4478
126 3875
4449 4239
1566 3515
2383 2821
3836 2146
2051 3805
1721 732
3479 205
3662 4660
2992 3405
475 4432
3733 4742
2219 3564
5000 98
1721 245
1456 1618
3727 4780
2708 2101
3805 4638
2072 1756
2107 2218
4535 1821
2332 4302
3293 4630
3279 2527
2680 1882
487 1353
4232 271
372 4153
4847 343
483 2058
4929 1329
357 959
1622 3413
2953 2138
3517 3763
2757 490
3797 4738
4504 4233
1379 68
1681 3726
3094 4888
1493 2205
2310 979
2230 1760
3840 830
983 3135
4107 4014
3848 3506
914 2867
32 2878
3065 3732
3889 1982
1423 3635
3335 4928
2974 3979
1810 532
1229 903
1178 2706
4141 1717
1221 1283
2269 307
1610 3818
2498 1948
3674 4583
604 2972
3024 2375
2460 104
3734 2419
472 1235
3796 2226
360 4336
669 2210
3653 4057
1051 4400
2409 1017
3606 2907
2713 3326
4237 4118
3793 1812
389 3081
4409 149
4026 3425
2407 3099
716 3201
2847 3506
1945 663
283 1414
652 3724
1112 399
2999 4361
3243 3743
1744 562
4801 1268
3387 703
2965 2481
1661 1574
1385 865
668 3594
2228 337
851 1944
1238 2924
2687 83
1554 683
143 4150
4922 1688
1813 2015
1960 4789
4493 4722
1685 3681
4396 2045
4522 1783
3496 1758
512 3311
210 798
2112 4657
661 1502
4184 2918
3499 2809
307 2708
2715 2522
2292 879
688 4400
2125 1184
3177 2808
4984 1603
241 1162
902 22
361 1823
2730 1768
4005 3791
586 4158
2173 462
1921 1902
4462 879
2137 1146
2741 1361
3542 2982
78 3463
3558 3446
551 2319
4458 1603
4791 4224
4771 3711
3455 1894
3922 2512
3413 3868
3060 3437
658 568
3335 3437
2542 758
4203 4127
508 4878
3129 2762
3864 657
4175 619
4832 1605
2609 4365
3813 2682
1362 252
4026 4712
1600 768
4778 1272
1719 2459
4953 4452
4923 3214
2319 4107
1508 167
2336 2202
3711 3478
3325 953
1915 3977
71 957
3702 3728
1773 1435
682 700
717 2326
2156 489
4391 4070
744 2909
1862 881
4905 178
4411 789
4217 3588
4879 1644
2599 4104
705 730
544 859
3746 1379
1127 441
80 4521
844 4096
1214 442
2061 3009
366 2141
2351 4046
4727 3514
714 536
2354 4579
2315 3267
4763 3286
3292 2172
3684 2984
1915 1655
4461 4501
819 3194
3147 4862
4467 403
1567 2811
1441 2606
3296 804
4705 1582
3258 2566
3600 4124
123 3071
3025 4341
2929 4691
2932 686
2125 3773
2333 1384
3239 2996
2557 3655
4422 4818
1103 1144
2622 843
4509 1968
2456 364
989 1827
4754 3671
725 4280
44 4645
3173 1642
3742 2086
4880 1808
1321 3185
702 4184
1063 4778
2683 3541
1996 3783
2833 949
4536 2495
894 2844
1394 1850
4446 1500
4982 1639
4699 3125
4822 754
3473 4839
4397 1713
4056 584
1219 3568
314 647
1887 3867
3703 3788
3871 3358
3101 3595
3838 1624
1159 4167
981 2749
96 1142
1722 4545
262 2133
3847 3954
1895 632
1990 3741
2275 3187
1497 3496
2509 4799
493 2081
2044 2273
2981 1856
1753 1321
4297 2260
874 1040
2301 2685
1398 4860
1196 2609
2750 781
6 1897
4513 1683
1584 693
2124 3527
3720 556
1106 4091
2973 1514
4742 2702
1104 601
2698 2329
4617 4226
1254 2401
2285 4001
1409 2147
696 636
2894 1258
4159 661
2155 750
3923 3406
3243 960
3522 1793
2807 2191
468 898
4301 1277
2603 3345
597 2491
72 3163
2591 2576
4343 3554
1953 12
366 505
4679 131
4614 4630
1907 4795
1666 2722
183 4171
3528 669
4308 433
3982 3903
4242 1162
3542 2471
898 3311
1033 3571
2834 4818
2199 942
1622 2449
3489 905
3777 3529
4732 2920
1330 4154
4489 4831
3079 4066
4662 3109
4647 3130
2652 3155
942 1853
785 3117
1516 4431
1297 3670
3190 2020
4421 4344
3766 687
2461 1518
2896 2493
4041 293
2734 1890
2081 3038
1979 590
936 249
4214 4174
4774 1619
2328 2919
3080 2854
403 4814
1756 4747
4537 4787
1230 1658
1344 1933
4145 4437
2867 1865
3209 2016
2094 1609
4160 560
3372 4063
421 946
4624 3854
4343 3715
4836 4228
4080 4318
2707 3267
3089 2401
1824 419
1180 1392
3536 3663
1896 2357
3333 4770
363 2221
4219 315
4913 1180
4761 1723
1963 1941
3987 1437
1155 1299
1499 3085
4387 1953
3946 629
4497 2458
2893 4432
3329 703
2957 4490
3380 1069
4180 3527
4393 976
1546 3770
3696 2038
2357 3101
1404 2318
3201 288
1773 4116
3385 4204
2392 4550
1581 641
1717 812
1486 2201
2738 2349
4851 3327
3215 707
1844 701
455 470
1317 26
2902 4765
4578 1091
2016 2922
322 3341
3653 4705
2339 3393
2991 3081
4178 3877
246 1108
2704 2312
3171 287
178 3815
2819 4378
922 1155
2220 2330
1021 3084
65 88
4770 2665
3291 2702
558 2625
3654 1333
4109 4660
2691 2635
103 2125
3835 2176
2839 2335
4056 2012
1186 3932
896 3038
21 651
2912 2596
1529 583
899 833
3432 3345
1833 2666
1262 2193
2159 877
1589 2230
1718 2004
2935 312
4188 210
4052 3730
2698 40
1822 3612
4066 2717
3203 2675
2213 2859
580 3979
3358 2066
2285 946
3435 4290
4480 4553
3843 546
1261 1548
675 777
3180 587
460 4960
4807 2102
2578 4466
3123 1470
464 3798
1610 2048
50 2519
1367 4789
1517 1021
2771 4610
4059 4412
1586 713
3957 2245
4009 3633
1202 3917
775 1673
589 2025
4945 702
4163 4494
1068 1709
3662 31
2411 2179
2936 3311
1639 604
1249 81
4982 217
1042 2503
2619 4534
734 4899
3779 1703
4441 2151
1876 540
1594 1276
2835 435
2807 4015
3739 3869
1309 3099
4793 3267
1636 3546
3892 1689
4815 2111
1973 991
1694 759
2387 2537
770 2729
1196 2190
4965 2276
211 567
1301 2601
1484 2570
3356 3890
3288 3289
1472 2461
3564 3760
3867 1631
369 398
1588 2280
324 4079
3305 407
1764 1634
2351 2866
4000 3505
540 4889
708 2261
4870 4659
1236 559
1146 2738
548 551
2516 41
2793 3230
3055 4682
3972 4473
1683 4956
439 3314
4628 4834
3123 1962
4573 2508
1434 4999
2500 3232
2108 235
3234 2955
2965 4446
450 3321
3646 1625
4801 3762
932 1393
2277 4440
4580 4190
1993 690
4334 3092
1672 4909
4537 2544
4158 1460
4470 3330
465 3073
4164 811
1358 4857
2878 1576
4879 3341
610 1190
1593 4461
1060 2213
2471 4379
3712 3315
3238 3688
2530 4429
3242 82
2642 4302
4632 2676
1257 4558
2797 4730
144 1112
443 2182
4156 2240
1000 2285
2563 2655
4381 3717
2264 69
148 3278
3627 2217
4730 1890
4609 2230
4121 3970
2390 2345
4589 2374
1055 2235
2343 3063
2579 1613
3962 2912
1495 492
485 4050
4866 740
3190 2435
2805 2870
4544 2995
2538 4781
3622 4599
3817 4648
4866 1722
1448 1423
1217 3394
4702 1297
28 2718
3778 3381
2297 1183
2147 1611
4278 3494
80 2723
2698 555
1852 3011
2423 894
2344 2594
4883 4607
3405 1974
2302 928
1480 3865
119 2313
3543 4578
266 1463
3683 219
4627 4619
709 1386
4567 3864
1354 702
114 4111
3402 3621
426 2141
3915 681
2421 3897
3105 1350
4733 4836
1837 4145
550 3
4654 3291
3470 4369
4216 2147
