8000 8000
7586 3477
487 5297
4542 3779
721 705
5799 2616
5975 5090
4527 6631
5034 2177
2242 5990
6544 1978
3548 3681
1718 4678
4943 2625
6849 2520
7539 3279
3234 1281
5693 942
6924 470
783 4586
6180 7926
893 3683
5212 5240
4051 6248
5562 2801
3162 6453
1199 513
1650 5825
3749 3644
4184 2016
3098 6736
3513 371
5867 3860
1798 3657
7743 4498
4784 3434
5139 1343
7281 6772
6654 6525
6149 1760
4280 620
3583 6
7758 5985
6717 5675
7348 100
6705 4736
7456 7406
604 7291
6355 28
7781 4189
4389 3850
2503 309
1912 2798
7215 3182
2942 7006
3865 4246
3000 116
4749 176
5704 1967
5563 7476
6993 3615
6395 1057
4549 1734
6340 7410
3099 3592
1621 6144
7089 2353
1677 7990
7018 5374
5362 4462
2720 2178
6975 5583
5482 6467
7205 2201
2234 7833
7650 4160
7939 7314
6549 2507
3035 1205
3204 5533
2272 2167
3284 4318
6075 894
925 4757
1011 17
628 1339
3798 1125
7150 5289
4728 2700
2202 2523
4862 7262
4615 6156
434 1673
3531 2653
546 4194
3311 2384
6131 3726
5128 6529
711 189
4779 4180
7256 3666
4119 7450
7877 6604
3411 5446
7978 2275
1916 4407
770 5735
4417 554
2748 1151
630 3744
2668 6529
5006 1519
1296 1575
4917 5513
5775 6371
1266 5392
750 7138
6391 7944
2681 3882
4790 2834
6552 426
5466 7604
3618 2944
4875 5102
2537 4157
5908 209
2092 918
3655 6914
2355 7699
1029 6943
2223 7780
4552 5804
2098 5611
6409 856
4369 2081
7126 6158
127 4492
7373 6828
3709 5794
5635 1860
1264 4064
482 2026
3407 3769
3131 3155
3920 7311
7937 4076
7841 6126
3186 2442
5409 7560
4227 2338
6462 1639
505 7603
2654 7620
1384 5660
3120 5866
5477 5356
1091 3817
1137 5887
6755 6719
2127 6233
6916 4644
2136 4659
7410 2583
2662 6335
5083 7924
6188 5858
5746 2521
2278 2117
2697 3957
7820 6979
4203 1412
5555 3645
7307 4575
3682 4739
7844 2368
3808 3237
3773 3056
7506 10
4596 5258
7994 6715
3467 217
2847 2658
6792 1902
4906 5836
6932 5888
5891 3355
7008 6120
6558 4122
6190 2511
3869 6174
7088 4062
5438 5712
6677 986
3245 2385
1259 1934
7031 5436
6300 1484
7733 1745
2959 359
737 7098
4825 7202
6518 1258
2211 5332
3187 600
686 5607
5203 5659
5366 7368
2037 269
3177 6377
7580 5686
7096 5005
5304 6870
6612 1784
1261 5586
4087 7289
7847 2775
1809 6143
7656 6781
7594 1466
1369 37
4751 6231
4373 73
3120 959
2278 3419
1932 7387
4812 7760
6506 1302
3811 537
7537 3317
5232 6854
93 3625
1876 2906
5526 3021
4739 5298
7366 3070
758 6586
5393 5930
57 4812
825 2348
2158 6152
1293 2287
2305 205
5009 3271
5730 7848
3542 2673
7360 7710
4787 7113
41 1628
7381 4606
1172 433
783 2678
7740 3511
6361 6671
4594 1991
1200 381
41 6802
3173 6201
7444 4302
2983 4805
3231 5390
5840 2105
6464 1565
2439 4020
380 2748
7554 7148
4496 1452
6978 7712
2745 5225
7862 7417
7397 6500
4050 6354
7566 6960
2622 3293
1415 5984
1237 89
5341 4427
3200 1747
4598 1171
2332 7763
6616 7468
6938 6306
51 7498
3995 4639
7731 4384
2792 3324
1254 1108
5782 5975
1726 1528
5364 7995
7692 654
148 2227
2330 5294
5794 4679
394 714
5426 7741
1744 3875
3415 5041
6178 6060
6982 7636
1039 5102
1991 3482
1473 7480
6973 1196
324 6940
1524 441
3731 2300
4084 1577
6689 2630
7652 3465
6080 4461
3201 1744
3971 31
1033 6224
5633 7696
1777 4999
7549 5093
1587 2307
281 3196
7948 3608
916 4290
5449 6755
7757 5200
7255 3671
1579 3906
1575 5940
5935 6922
7078 1400
4706 863
2801 3251
984 4119
4007 2463
2240 63
59 84
4689 5253
4685 6957
874 7555
6664 1449
5223 401
1130 6424
7991 6308
784 363
1184 1503
6816 6442
2561 1973
4726 5612
3464 7506
6313 6811
854 5631
400 6365
3234 1879
3247 1648
3590 1222
5141 1211
2429 5436
737 7650
4235 4018
2017 415
864 2166
2412 6146
57 6844
7678 2688
6193 4731
3492 5319
4172 4058
6163 4345
3567 3902
7517 7172
1723 1764
4102 4417
2042 5973
7970 1231
6646 5995
184 4185
4393 2317
6344 4232
7667 7830
7113 7413
3075 5637
3753 6881
4199 4440
6291 4615
4986 5040
4252 3594
2895 5701
726 7178
229 6579
7783 1709
7045 3010
7938 1741
2072 7345
4719 3015
6536 4738
3509 5713
4030 7656
5463 4438
4978 517
2074 7756
1186 7416
3260 6855
1292 7753
2887 6764
5083 3315
508 6739
7298 746
7007 7098
3143 125
3909 770
2159 6447
4700 2820
3974 6502
2768 4345
7899 7363
6373 1654
5797 7144
940 3464
2046 3922
2140 7321
4930 4318
1665 805
6473 3211
6744 1484
1460 6553
5626 282
5359 1812
6516 3323
2221 57
2974 2709
6496 5907
417 4790
7723 1358
2961 2859
2673 3272
5489 7851
866 1720
3204 6948
3092 108
2820 3309
4557 6117
7628 4993
3155 1387
1010 6027
3338 7146
7267 6717
7861 1694
6043 2926
2712 1431
5803 6157
6942 7559
5624 5281
892 3564
7943 7028
7005 3376
356 6991
3512 1203
1803 2074
915 4003
4714 7520
4388 7347
304 1333
4350 3002
2061 1914
6243 2271
6739 2824
1179 6628
4432 2075
6966 5387
335 5040
445 2311
6730 5449
347 329
5183 1878
690 153
7103 3456
819 1566
1570 3956
2048 1854
5542 3496
1050 4200
6047 7692
1599 4824
7988 1645
5663 1640
2873 3708
4008 3144
583 3247
961 2624
6005 3915
5441 1463
7649 2330
4730 1868
5984 7206
797 3363
6257 4526
5959 518
3046 1791
6359 7352
4192 5960
7348 1387
2419 3913
2495 685
2309 6945
452 5430
1233 1827
5977 2981
6261 1162
5768 6243
1521 1919
1202 1268
4250 7513
7174 1546
6948 6726
1992 7586
5721 5490
950 3845
7382 6251
6440 5296
4288 5115
1303 7039
5438 63
1805 7794
4806 6101
2175 2795
314 2650
5058 3808
3000 2392
5130 7908
4267 409
5554 3889
4119 3870
785 6363
2235 5534
7982 4917
3125 950
2824 216
4785 495
2741 7385
6955 6387
1409 2
85 3091
7460 3172
6741 4995
641 894
6728 6384
3791 7636
3454 2602
2161 3144
6875 3569
5198 6603
3144 5060
5831 4224
5689 5435
4583 4646
2307 862
6364 876
5024 1125
3487 5798
3017 5236
6415 2404
1991 964
2386 5484
5976 6387
5262 1364
7679 630
586 5218
4140 4942
6433 1534
5837 3470
4865 3063
2217 888
850 7586
3882 1462
82 2900
7290 2637
663 5759
3548 1376
2684 30
4163 4200
1448 7828
163 2753
2195 6123
5862 4023
4927 2597
4608 4382
7537 2950
6923 5761
328 6788
4686 5765
475 3374
4835 6141
3201 4987
6328 6123
1716 2638
3506 6409
2795 1893
7401 659
3675 3081
911 6018
4546 6250
4612 4337
2925 4178
3167 2428
5101 4325
4257 615
4534 1629
6648 2107
4088 5114
3595 6961
6958 437
7151 3512
7592 6184
6956 2455
2258 51
5211 7091
7988 5511
363 4230
4626 2702
4442 6344
2864 926
2383 2236
3780 1330
5523 4759
7152 6961
3536 4722
7847 2948
5650 5341
6084 1456
132 7140
7135 3869
4257 5187
1972 4627
7439 6012
6365 730
473 6698
1048 1320
5155 4434
1057 322
1779 1218
2521 6815
2140 463
2270 575
3088 7480
459 3305
7281 1625
4115 1427
84 1481
192 5612
2126 3987
6117 5455
7132 1739
7490 4311
3592 7888
7422 6849
985 1419
7044 4238
3398 7469
6367 3715
1849 3102
5254 2760
158 3819
7241 7079
468 7239
7132 3474
543 4343
4435 6551
3814 3784
7576 7207
7827 2464
104 7871
6018 5639
6280 4194
5643 4502
4869 2185
5692 2806
7575 691
858 1525
4462 3351
2105 7642
4733 7790
1699 5240
6150 3514
7332 1856
2344 7539
480 2053
491 4975
6333 666
1052 5220
87 2225
3387 2617
3120 3238
4469 977
374 3198
67 5607
3447 4043
1352 6898
7866 7421
4472 1196
3105 3528
3641 7352
1293 1275
1289 5573
351 821
7565 2645
4845 3121
4124 2796
7221 531
1436 7346
7836 6065
1440 36
1429 7799
7416 2752
499 5699
3880 3556
2699 1375
6232 7874
2524 4292
4179 3895
2088 368
257 885
6404 7620
6150 4806
885 5432
7302 7180
3200 3308
6609 135
7377 5014
3000 3751
5102 7305
3810 6724
3921 7286
5954 7152
5378 4215
2575 2650
2223 7663
1703 2370
3531 7059
269 6694
452 1660
5165 5712
7415 627
4414 6246
3036 715
2929 5885
1613 1271
1558 5163
6453 4463
4580 6214
2469 6587
7142 7769
7242 7627
5338 7861
5920 4538
7353 4364
4314 2756
2351 5046
7619 83
1486 6105
301 5594
2544 3119
2396 7724
4040 5290
2405 3943
2986 6937
5091 3411
5797 4009
162 1906
4414 4912
2241 4920
1042 6609
4015 6972
3657 1563
923 1049
1186 7756
835 2494
736 948
5069 1458
4741 3061
1257 7542
780 895
1058 2318
673 2307
479 2201
977 401
7732 2392
4542 3118
1149 5760
1855 5821
2022 2348
2361 2553
2888 5758
3874 2344
2207 2983
7715 2714
4403 3613
4997 6141
2774 4291
4846 7463
2989 7845
6561 2898
4461 207
3662 2119
600 5063
7555 7360
3604 5863
4271 4671
7075 7292
5677 3592
7409 1491
2739 3882
958 4158
5339 1854
7386 5960
3062 5835
1572 2672
1549 7968
941 18
7127 4896
7506 1287
5985 37
6044 2495
2579 817
2005 1460
6459 3183
2425 7014
5607 5621
1642 1871
1809 2100
6588 3262
2919 5891
4451 6724
3822 6970
6751 3932
987 1627
5088 4109
1591 6236
2950 974
3450 6856
3646 4929
7052 2248
2285 5933
5674 3541
5950 5752
5039 3149
7389 1328
3793 1510
4945 6147
7157 3988
1242 4855
5081 1217
7581 1561
2122 4513
4039 4072
4083 83
4863 1488
5017 854
672 2777
3870 2165
61 4898
1619 7731
7975 4582
2318 4271
6586 7304
4731 7062
3787 7203
1153 4602
4268 202
7394 4510
5006 2271
237 4001
1800 3707
684 5437
6197 3859
1948 7003
5386 5162
829 866
2260 2487
4235 4292
1408 917
4941 1855
7984 7132
1360 7253
1780 6442
6042 3796
427 2414
3882 218
6913 5271
6627 4486
1236 6784
5568 693
745 2594
7332 2095
3554 414
6860 4071
4629 1389
5707 6384
6808 5464
4037 38
6259 5236
4427 5980
5587 2657
1802 4265
5969 6051
4689 5422
2169 7383
1928 413
3274 6030
1346 6304
6049 4904
352 6311
2423 5562
5572 4361
1303 6820
660 1187
5316 7013
1132 1965
1610 6080
1487 7326
3466 5716
6488 6725
1398 5271
1294 4914
5526 1909
4715 7307
7431 4672
5338 7342
6160 5317
7088 3409
6765 5102
3871 265
5225 6194
1254 2820
1422 4695
537 4867
3855 1967
6897 4501
2697 2692
3310 4848
6006 6490
6241 271
5503 6102
5181 1391
6783 547
5972 3245
7353 5046
3840 654
5995 3230
5195 7567
7675 1111
278 450
3909 6839
4820 2653
2276 2375
4103 3884
6752 7142
5933 4999
2238 2687
5825 5725
1530 588
3338 5067
3708 5768
5894 7341
1124 7353
2352 2105
2380 7190
4050 611
2198 6507
3247 492
7361 4184
4570 6924
4924 6250
243 1358
6465 320
4995 4620
1289 4290
5610 6232
5068 4219
7264 2262
5482 3774
2151 5465
4231 1145
34 5673
5384 6170
2000 5728
762 4313
5041 2254
5337 669
4676 6758
2466 6024
5577 7762
6807 3491
78 4375
4598 5181
4065 1749
7815 7507
7632 98
4370 2348
2280 5704
4793 7066
3638 1408
1562 5444
3567 85
7945 3165
2601 5570
6817 3596
2199 3668
5802 5430
2132 2052
694 5727
7590 2986
7161 2283
2592 7194
7875 2186
6916 7116
7116 7407
5075 303
7746 4115
7654 7644
5131 1264
6326 6021
1384 3580
7285 7336
3265 3211
7478 6659
5375 5442
7960 6379
150 6752
3930 3235
874 6048
5214 6968
6094 1831
4085 4690
1614 1906
5842 4561
4985 1939
4521 1579
5699 7597
495 6068
6052 1206
6057 4350
4551 389
4171 296
2998 2257
2159 3867
2244 4371
2777 5408
2316 2051
4322 7827
7987 526
595 3693
361 224
4200 3609
4935 730
2377 1372
6171 1625
2192 7963
4866 1722
7227 1428
6995 4261
5827 3609
4135 3119
3686 7798
4903 1252
6588 873
7290 7038
6937 4292
1012 5260
4805 3070
257 5379
6724 509
7084 4860
5385 1454
3225 4720
3615 3504
6704 5305
5536 4840
810 6990
5460 1485
7558 7405
6075 3611
417 2384
3049 5529
6850 1815
359 4841
340 6448
757 6805
816 1649
7172 6290
6596 2936
5304 4003
6310 1081
6255 6151
6823 7555
7976 2068
4802 7769
1611 1476
265 3585
5912 4230
1899 2942
4622 1052
6580 1092
6175 5341
5762 6324
209 2303
7793 7379
2082 5107
5951 3673
7009 2793
1537 6803
2561 897
121 2495
3679 2196
6108 4658
6240 782
2952 7626
2261 1000
6631 613
7725 7805
3840 7365
3264 557
5390 5573
5958 2810
7242 1658
5751 6826
1043 2747
6835 2852
4841 6697
2848 3338
4572 4146
6424 6101
1743 4726
4231 6710
370 5530
5025 4566
1836 5972
4526 3050
7508 611
3241 7534
6762 3957
2791 2071
7243 6251
4163 1715
2783 365
6058 6457
4509 6482
3758 5406
1514 277
3890 3236
3297 7737
6989 331
7653 6241
3821 5434
6775 5400
6017 1000
5930 6472
1740 5367
7653 3599
6364 5704
6024 6502
5686 7001
2951 1618
7415 7551
7870 3118
3152 4499
4981 2426
7726 209
4655 5742
3760 4246
143 6716
3076 1215
3447 7132
376 7126
6033 6371
3390 2968
4856 4252
276 5987
3458 1880
2108 6513
5016 7913
7326 5479
3003 121
1667 1999
5018 2185
7431 5518
789 2629
424 5940
7895 4721
3370 5551
1441 3638
7037 6874
85 6112
5967 4838
764 6000
4627 832
5211 3502
535 6305
5865 2443
4754 2110
6131 3524
2217 5561
4413 950
4539 3842
7917 3188
5923 4626
4605 7743
7945 5902
6037 4043
1983 865
4632 3288
7460 7989
419 2837
6024 5059
2621 7422
6503 3668
807 7526
4033 2490
617 2203
7592 7988
2597 3962
4255 5032
1467 6912
2905 4448
4141 7671
3758 4160
1973 4721
7414 7871
1624 5723
474 3174
7860 921
5808 3592
7107 1099
5107 4113
3039 4754
631 7270
4490 7411
4356 1889
4571 2155
5395 2305
6482 605
3985 3834
134 2037
4155 1261
7399 3886
499 4093
3416 2057
4198 7440
5441 1185
2888 2801
7017 4700
4966 3945
6920 5945
7928 814
5194 5995
5991 6567
1422 4775
2521 2107
3241 2177
3118 6668
3100 3934
6555 3944
240 3041
7469 1326
7345 2531
3842 7317
6697 4427
5985 244
1253 5673
533 3941
1829 5618
2757 3703
5120 6271
7770 3713
5396 7394
481 1934
1223 3741
2027 7261
3121 5599
6904 3185
2827 7244
1896 571
780 3637
2720 7958
6010 3644
3331 4329
6581 6616
606 3742
6881 5341
451 4862
3887 5093
4056 1679
4304 6291
1031 7103
5839 3413
737 5866
3690 1165
701 605
4773 650
7082 4757
5871 4411
7786 5434
5607 4080
7361 7994
6673 7821
6469 2036
5765 1509
606 65
200 4276
4078 2941
2986 7575
5727 6379
471 6422
461 2823
574 3374
7196 1489
4096 413
1532 4008
4488 3640
187 5704
1448 2010
7914 714
4358 3340
485 150
1389 6846
4747 2604
1339 1718
3917 6160
2535 2613
3158 3525
7006 4855
7429 4088
4030 5099
5814 7233
4795 1171
2080 864
7739 307
884 2055
481 7402
5520 3568
3967 7397
3119 3710
85 2355
6768 5344
975 5315
1973 6941
1088 2227
1643 6686
5808 2354
2717 5046
1601 3763
5426 1161
3164 2735
4249 7283
3 4152
3071 4800
2427 1432
4916 3207
1407 7082
2504 4148
7790 5569
5458 6994
455 4281
1271 7957
2244 4774
6752 538
5022 508
3842 2508
1442 4116
718 4
5356 6258
837 784
6520 2066
3076 2978
1357 3725
228 2233
6758 6630
1920 4109
6568 1651
6206 4139
2302 1971
2971 4301
6007 4865
5484 1076
4916 7862
7086 2629
5082 6316
971 5612
5882 5644
3623 1010
4717 7926
6543 4284
293 4223
2667 4212
7473 6416
1178 6269
1497 3554
3998 2005
4491 1062
2369 7593
7601 2102
7838 6255
1766 4645
2845 6766
563 7853
3211 6266
660 3372
3987 5342
5541 3586
4716 6458
1124 2502
6869 3014
6513 5871
6813 2716
5152 7422
486 6448
6889 2682
294 4693
2357 6775
1632 5450
5101 1706
4300 2216
6834 5697
1033 4534
1387 7215
2210 6269
3977 2639
343 6591
2348 3609
952 3358
2288 434
7109 5884
3196 429
2330 9
151 4727
2208 339
5764 4730
4889 4128
4782 4254
2176 7817
7643 6196
7444 3058
2872 460
7919 2323
7797 7572
7895 7386
6156 4539
1718 420
3146 1469
6422 6737
7675 2489
6081 5848
4177 2309
7848 1717
6970 2244
5472 4874
4908 4761
642 5155
1419 1671
3126 286
6265 2997
737 413
5083 7002
7514 4725
7753 3732
5535 4119
3407 2472
6877 2189
1967 7712
2930 4601
1063 2009
3598 903
3634 2925
6600 3952
2685 6964
1964 6472
5777 1474
4431 5336
5522 4964
3318 1057
4196 6010
1312 1881
4570 700
6255 166
6893 1127
5578 2174
6982 3731
7872 3782
4062 2892
3223 4294
4810 6638
2653 5366
4373 1279
5011 484
6634 2845
5606 360
4517 3615
5995 1445
6837 5006
2982 7942
7154 3738
3718 1078
1064 6713
1061 5087
364 3406
1313 2294
4985 6506
3757 2420
473 6883
2734 109
2563 6333
3992 1832
64 3640
3793 5805
7969 5080
1388 2949
603 3515
7437 1848
5859 2950
6635 3225
3978 1655
7032 6819
1231 4248
4750 1226
1622 4478
5480 4257
4364 3192
7373 5605
4812 924
3236 1590
5638 3925
3285 2505
1305 2606
3306 685
5337 7884
4241 4689
2851 3144
5965 1557
2950 7341
4524 2344
7521 6102
1721 6970
367 5406
470 6004
442 7902
459 6873
3227 3389
1970 1873
4612 6510
6801 5868
6366 1849
33 2026
1922 5349
465 6983
2516 1390
7844 3795
5994 6330
6515 7558
1779 2049
1337 7604
2206 5509
7764 5589
1754 6218
2578 752
1805 7629
7497 5444
5118 4930
4407 4261
1664 5210
3365 3082
769 269
7393 1462
4242 7578
761 1954
6560 7132
6350 3156
1700 6515
2952 7154
7135 1798
4487 7231
4585 289
7975 7327
1479 2205
7330 7679
1512 2223
1752 4029
7676 662
5214 817
7641 392
1139 5037
1063 3272
2457 5362
5522 521
3606 2960
1278 2174
3539 1436
7188 1329
4 1677
606 3024
6190 3450
320 5042
936 6611
3858 1122
5962 6011
2127 2231
7141 2379
5326 5222
7118 1964
3099 694
40 5733
4028 445
7689 4524
5363 3422
1480 7443
6301 3680
5669 7361
61 1592
6289 463
4591 1830
3285 1662
5803 1315
4396 5316
1029 548
5487 7145
2180 3647
4660 2057
6266 5081
1220 2048
5395 5336
428 2303
4082 3180
1439 3018
2679 2841
4098 6484
7943 39
2149 5352
7085 590
7636 4184
185 2264
3413 112
4728 7485
1375 1570
5868 251
2740 2949
4900 6224
5938 7923
5584 7261
48 3798
7837 3406
432 4097
6855 6886
6708 3145
7505 6755
2257 401
5087 1062
2813 4785
1414 2147
3765 4211
5382 4292
1677 3402
5585 3135
7590 1847
3033 1092
3500 5249
6579 7815
1973 5528
2139 4204
2561 646
1881 5190
3273 6610
3539 3132
3137 5485
6545 6254
4219 1569
963 1591
3376 37
249 6846
7370 6154
5010 7593
910 4412
7559 7258
555 4532
2683 2725
7051 7665
1674 4817
6423 7129
3623 3475
2023 1211
136 418
7832 6697
6192 6368
6969 977
5029 1971
93 6228
4647 1547
7233 2405
5492 3137
6740 5701
2990 7261
3615 1776
5166 2443
242 5587
6587 2330
3328 1393
942 7139
5692 1839
4027 4863
3734 4913
4190 5563
6147 3195
4600 1633
2993 1954
1639 4086
7601 5688
7023 443
4314 1859
898 5354
3634 4682
344 446
1811 3816
394 2225
6970 6399
7672 4300
1326 685
5418 4624
3098 89
2400 7434
4094 4010
274 1025
1081 638
5574 6649
4978 518
346 4273
6313 5454
2645 4955
3929 1941
5674 4424
4061 2891
3254 197
1324 2957
2452 5868
6130 6769
6565 4510
4896 3918
941 7830
4345 4234
5322 7910
5260 4126
1912 6895
3249 10
5573 5146
3859 1116
7667 6175
3096 7490
5415 6771
7838 913
7369 4069
1417 1879
6864 826
1573 5499
4684 877
1939 7960
2707 7337
6868 5857
796 4964
7963 1302
18 3622
1214 2568
7510 3234
2737 6409
6313 3023
5149 5019
7083 3069
7455 5475
7905 4102
5554 21
4830 6129
5005 848
4526 4615
5253 1983
7654 3421
3733 6342
7298 2986
4542 6913
3405 5095
1302 3780
6690 4384
5034 4260
3977 1867
2341 7073
4939 558
7376 4629
1052 5297
5513 1789
3859 3442
2467 7157
7534 464
3506 1512
6066 4174
5852 786
1556 5216
2983 6006
3351 5027
2298 2428
543 2029
7772 46
1585 2370
6325 5000
686 6043
7445 6405
4045 7606
6415 5291
3111 565
2922 4766
6720 2731
6775 1512
7883 1967
6789 2586
3847 272
7000 3624
1202 6657
2489 97
7727 4837
1318 2600
5224 3905
5267 133
478 3869
27 2939
7663 6265
3836 600
6879 6966
2358 7309
7544 5415
7795 4768
7441 1688
2459 6084
5899 1861
2123 2734
4088 3173
5307 2451
2344 3832
1996 4114
6751 2858
7475 6184
3645 6419
7777 3953
3275 2802
6188 1579
4068 4638
4232 7233
3424 3497
4784 2668
2583 7764
1355 2512
2026 4235
1956 3510
3036 7166
433 2232
493 7503
1095 922
4631 985
2081 504
3605 6734
2893 6110
7567 2011
1624 6906
6729 2203
5764 3246
4714 4954
6798 6116
7754 5928
7355 6594
637 4964
5169 7173
7082 7493
3225 5289
4652 325
2144 219
7039 1472
1956 4867
1148 7417
3918 1675
7798 6036
4293 7316
6629 662
7185 3868
7102 4916
1609 6921
7859 5673
1397 5227
5126 7331
949 6471
4935 2991
7020 7091
464 259
7750 2686
3153 1716
3146 6668
2612 7801
7168 3991
991 1932
5203 3924
1927 2234
7005 674
4499 6610
774 3415
5613 1699
1743 497
4857 4531
4456 2223
5557 6297
3030 7106
3949 2990
490 3187
6068 879
6882 3896
4328 4874
1672 2730
4026 297
5237 2986
1617 2991
739 360
5216 5713
4520 6338
4110 641
6210 2424
7175 6572
2634 557
7157 5469
3771 6739
3123 3116
223 4327
648 3122
4531 7116
5794 5783
1285 5285
990 6719
1868 2272
5764 5151
4889 1963
1661 2247
751 381
7140 4047
3590 954
7210 4025
5196 2229
1425 318
1236 6828
4343 404
5198 4684
2228 2694
4867 7166
5703 3361
1770 7427
6691 2614
286 1643
1879 565
7696 3892
5115 4212
1457 2976
3085 7769
5801 6008
3211 70
6522 1967
1839 5794
961 4035
4718 7831
5263 4920
5091 4120
1847 6684
2061 2650
2588 5248
4208 311
911 677
1275 3913
7639 1763
4998 2959
6308 4888
4554 1103
5175 5456
2556 4409
1616 6009
1765 4409
1235 5099
4701 4463
2376 7304
3737 4900
6968 2489
3994 3904
4871 2654
7228 1287
4072 6158
1876 7237
6614 4883
708 5446
5792 6207
582 6789
7532 2204
6111 457
328 3769
6062 7408
4058 7316
3387 6521
131 4825
4007 4310
5269 105
6422 5866
2016 2915
7214 7945
1108 6977
5924 199
5143 3633
3942 7324
7773 198
1391 3578
3452 748
3550 1466
5119 1981
1943 2118
5359 7992
7947 5311
4332 7699
5368 4228
7784 6148
5621 1685
2787 7424
7631 5183
6421 3058
6472 7440
7970 7476
5819 7625
138 1654
656 5970
7494 760
1597 5371
4736 355
3273 4860
1467 4685
7947 3438
5189 4338
3731 6749
6921 1331
364 2127
2794 5213
7549 634
3172 2446
3445 6921
2352 1209
7424 882
7312 5040
340 1330
1629 7125
4923 5671
1813 4555
4811 4746
1618 4201
1689 3852
7140 1642
6735 7832
1963 4037
3956 4447
3063 492
3857 2642
1677 3403
459 1774
3085 6185
7273 1356
407 6676
6112 1846
2976 2193
4988 4199
7118 4630
2936 5081
3227 5538
6539 4525
64 1826
3222 3672
4885 3362
3729 5554
3674 2254
7997 4206
1073 7160
4321 3985
5438 1081
2515 5763
5953 2966
3338 3428
3194 1179
2830 2262
2184 3518
5767 4981
2305 5147
5216 6539
3054 6478
3907 7213
1341 6546
2108 2775
4684 3703
1577 820
2059 2198
1955 7781
2670 4376
718 7984
3035 1572
4412 1930
5403 3687
3624 2425
2922 2485
84 6060
7270 5678
148 7421
5600 3677
3466 5285
1486 4400
4725 3885
15 7342
1070 7986
5762 3846
5265 7187
7006 1459
4113 7637
1878 2209
574 7247
2088 6949
1099 7674
4928 7884
4591 4542
2057 5373
5409 470
7958 297
236 3874
6969 6699
3457 6912
476 5249
5509 5646
5024 387
7379 2208
5154 3342
2446 321
3654 3979
6323 2573
5483 6340
4866 5041
1287 7580
6418 1105
4318 5587
4489 374
248 4686
4527 4706
6865 2937
3519 1967
7352 5062
3780 5519
4530 2540
7877 4948
2846 5074
6493 4000
1954 7643
1116 3880
4282 6927
2870 2781
7930 124
7805 1215
6259 7443
7872 7260
3369 330
7365 1537
4520 7194
1328 7369
4986 6386
6008 2691
588 5751
1663 6040
2489 4396
4424 4754
5011 4571
386 1364
6452 1924
3021 3982
69 5996
4076 4677
1642 4884
3889 1915
7344 2511
3441 3273
5246 2521
947 3649
890 2446
2102 5899
4771 6454
6657 7847
1079 4444
1199 7342
1131 6144
7214 5251
4450 4501
1493 4469
6385 2544
5849 6268
970 6086
2904 3982
4098 2845
6051 2919
2361 7377
3761 2379
7035 6449
4827 467
1433 7536
5894 3285
6470 7611
7828 5131
4047 6880
2437 5583
2159 7561
7362 3372
2669 7142
3691 7197
1510 6309
4810 3955
7833 2338
4959 5012
3734 3201
5759 3290
5841 158
3426 3029
1367 3447
5748 6947
1067 3487
6794 6522
5025 2703
5127 5735
1020 4354
6677 4973
797 5681
6491 4890
7314 7354
1602 1069
3172 7759
6309 7350
742 1482
4951 860
235 7891
2211 3181
5544 7764
334 6539
4070 6421
1011 7878
7276 7713
5559 1743
4681 683
6349 7974
4277 3975
3672 4404
2481 3503
5869 748
5393 5198
3229 6125
126 5271
2885 3615
2891 5853
3634 4135
7151 4820
5411 6112
3103 976
175 3002
4602 7257
2672 6684
4606 3466
7072 2060
4658 5171
3723 6374
2150 6714
5082 1126
1953 83
1588 4790
6931 467
794 1939
5980 3192
6425 211
3653 1051
4689 4185
2275 527
5650 3401
6281 192
953 1187
1619 7182
4539 3579
1001 1483
5874 1276
4087 3610
2035 1220
783 1839
7321 4523
3192 4627
648 4933
7669 6868
5303 5187
5896 4769
7238 5505
3949 6645
4641 5146
3655 4345
5674 869
3090 4397
6326 2259
2190 5917
4916 1705
3435 1023
3962 5418
4637 907
1404 6547
6478 1054
2655 4030
5342 6764
3013 6555
5009 1426
5978 1539
679 7064
7740 4060
4522 5081
1698 666
1048 5687
2357 1685
4279 1985
3849 5760
1227 3511
1031 3750
7051 944
4206 2162
2615 1067
1474 3074
5232 3339
197 2925
3710 1599
4785 2596
1965 7069
7295 3391
26 2270
1217 5761
6199 7475
3978 1408
3048 5285
5853 6347
3144 3726
3657 3929
6725 133
1856 7999
2273 407
7827 3285
2713 1503
2249 5403
630 1391
3807 6585
139 5513
915 4486
706 2842
7515 4910
2054 1735
1935 2950
1293 5725
2209 1718
5210 4052
3187 4001
4502 1434
536 1931
6760 7663
1803 6473
6068 6093
1088 7463
4574 3313
1839 4225
6999 619
790 2326
874 2722
5416 3925
3332 7205
366 6514
6331 3894
7548 182
4916 1978
812 4683
6782 2484
4955 5540
7803 223
4391 4364
6397 997
6769 162
6683 4050
5974 5579
6926 4017
3582 1787
4874 2764
3691 5976
1953 2441
7690 1712
3823 1412
952 90
4095 784
3800 5710
2383 4064
5358 7324
4714 5665
4796 5517
5909 6288
7943 6677
1781 1867
718 53
4545 1209
6510 4777
3238 5240
667 5417
4219 7266
1934 4510
5884 4750
7715 6557
3121 4476
7458 63
6141 4558
2001 6361
728 6595
7795 2000
5489 1545
3859 3535
346 7745
2572 6162
2044 3355
5131 5579
851 2004
3791 3301
6157 3136
5172 6697
5402 7827
5171 4899
6845 1507
4603 7677
7835 7359
1655 1483
6120 1069
1236 7260
735 7528
7821 1109
2280 1145
2466 67
7148 4748
7698 6297
180 2232
7059 6223
4658 2962
1054 3672
5901 4436
2894 7290
2803 2056
35 2629
5954 6283
1525 1346
3669 6121
6030 5589
2601 7380
6090 121
148 4360
2075 2728
4547 87
4372 6026
4329 40
1770 5415
3941 6201
7154 6412
7256 7157
2102 7094
3669 3519
6528 6716
1069 1660
4752 2192
7464 3606
2796 6293
5864 6276
960 6418
5931 1776
2003 2402
3773 1356
5599 1384
7486 7889
6923 590
766 7997
5393 7090
5001 5230
7943 3675
809 502
5563 7393
86 2017
7297 5597
7822 5553
7428 4293
2635 5999
1434 2682
6836 7942
5146 1353
778 6291
3896 164
7668 4905
1826 1324
7595 1263
1500 1470
1516 6951
1567 5231
3805 2547
3959 2451
6584 4029
2586 3553
2246 6805
5955 6441
7202 405
2268 6211
3721 932
1174 6967
1117 1979
6976 4367
2140 394
6989 6533
4241 2087
299 1259
7286 6826
924 726
6617 1000
147 3578
3676 1633
2982 3893
894 1305
5647 3158
7403 7536
3974 645
5971 2905
2168 6393
2187 2552
2742 3747
3205 6950
4805 3299
1374 228
4564 4443
1121 489
5069 7863
6464 4565
3546 1874
2543 4283
439 6730
1720 2795
7557 910
7582 4042
141 5902
7919 2588
6880 7403
4682 4452
4041 7342
1541 2957
1795 1831
3165 2000
1668 2500
4757 7657
2601 3959
6703 5638
2486 4453
7050 4525
2910 6320
7470 6686
1091 6205
1411 6299
5922 3987
2969 4319
5752 7240
4251 3631
5817 4834
4878 1277
7089 6980
4446 2807
5996 7170
4771 4868
3548 521
2735 5282
6818 5707
2660 4364
955 4403
7535 7107
46 3265
5936 285
3052 1691
2535 5579
1265 3588
4895 7026
5955 534
1180 4671
7265 5791
4614 3660
3329 6938
3960 4616
1456 2150
5293 5256
1126 7576
3486 1165
683 2885
7539 5504
6004 7768
2261 6731
1595 5754
71 5308
4444 1783
7797 6051
4392 1876
5201 5620
6468 4570
340 5702
596 2240
5990 3326
5054 7291
7994 7248
2275 7672
6328 6646
7442 4187
4987 2236
4239 3374
3914 2002
246 154
3921 4158
4162 6501
5003 7373
7171 3914
449 738
211 6666
961 287
6774 2779
665 3986
7898 6106
1203 4862
3921 4096
7086 5846
1997 7910
1218 492
4091 4305
6079 4802
1304 1880
5654 4276
4457 7026
1727 3476
6597 3083
2732 6637
7190 5171
7655 2073
7564 6494
5075 4200
4929 3191
4780 6453
6361 4960
7004 4030
2338 2968
7493 2561
5331 3677
2832 4799
6148 2726
7652 1694
146 2526
6778 7566
7610 2014
260 2759
1879 7636
7930 7927
7226 4964
567 306
5967 5715
4464 213
6442 7304
6126 1600
7529 7008
3148 6658
3065 4498
1464 2424
3564 6830
1644 1891
7737 6214
5086 2845
5634 6379
307 2982
5272 4824
4777 1561
1477 4109
665 127
4652 7
7949 955
7811 5915
7086 547
5144 4487
5161 4555
2688 3411
4219 951
1540 495
5261 1809
1007 4314
5491 1679
3266 4964
1148 7478
6448 1140
5327 5853
7137 1681
1342 6549
4099 6558
3143 5390
5139 7546
7646 4966
298 6486
5930 3478
5750 6422
1919 4625
6520 4919
4379 7514
6158 6787
3262 6431
232 3691
4028 3572
4508 2734
4376 4309
6925 7468
1618 76
6082 5678
3080 5348
7890 2926
7969 5067
7573 3608
289 4676
5445 4184
7000 5713
5326 3004
842 1318
3998 7281
6337 4086
3273 1839
2672 5374
1680 4649
420 6286
6704 833
2365 5092
2909 5728
5260 4684
6000 848
2925 2327
1406 1187
4107 4743
5350 1649
7981 7023
3070 6343
7202 7850
3062 6234
42 336
6204 7741
4804 3314
623 5344
4602 1410
206 4353
263 7946
3737 268
2699 5784
6853 2780
3446 3412
494 1944
7822 1886
2182 5904
1680 3901
7595 631
4255 7618
333 2109
5138 6065
1668 2068
136 6180
3458 2714
5043 3771
3392 4874
4199 4242
3983 5033
3860 1407
5501 3502
891 4947
7395 4860
3980 4930
373 6942
7230 6677
4593 6736
7291 571
6490 3764
900 3972
234 5665
3350 112
4896 814
2053 1190
7875 1269
725 1212
7507 6489
5505 2680
7256 6771
6029 1693
6244 5599
7173 4036
5371 1510
671 776
3145 474
2450 3387
2392 788
5694 2595
4721 6309
1218 1247
7159 4999
5622 4993
1520 3260
5625 5924
915 4274
6870 3122
2161 1927
2184 7701
6442 3961
589 2458
4150 5010
5174 2857
3480 6291
2563 3994
1209 6681
5324 2255
2051 4711
2413 3114
4973 5620
97 5430
907 490
997 5870
5858 5905
4299 4053
4950 11
3152 4510
253 6269
900 3645
6330 5036
507 6199
4069 1575
5257 6825
4317 3910
5744 6154
5406 3973
7983 4712
2659 1133
3449 2812
6591 377
3664 7783
7670 7135
7281 5115
5898 490
5196 6388
80 5928
1346 4761
7473 1135
2751 2581
6257 6674
2929 7051
5934 6426
6182 6327
6847 7483
3406 6299
6747 935
1025 1889
4191 5653
3962 1016
4399 3068
2732 6566
3739 987
2231 6111
7998 2819
7991 1129
2073 492
5723 5229
1539 2240
4481 87
6045 944
1488 6280
5075 4551
3961 765
7975 5148
7605 7969
3941 3339
1993 4082
3648 5045
1309 1954
4417 1041
7802 481
3485 7631
4909 5231
4453 7085
6700 533
6538 3232
5644 583
4437 5529
2412 6285
1280 2116
755 1134
426 5744
5639 914
7428 28
6273 627
4862 3635
1231 2034
2682 2426
859 5315
5009 1768
4548 2098
2784 6693
3535 2905
1473 5968
6194 7914
4831 7833
3341 5113
2238 6879
769 3619
2402 1923
738 5747
4959 5854
5475 551
4838 4417
365 1762
3245 6870
6592 4820
7546 7656
2137 7935
4983 7121
6147 6927
196 6891
2916 3592
5213 7710
2313 5870
2997 2462
2023 7470
627 2325
7884 386
4672 2032
6626 1955
622 4948
784 4505
4441 2747
6120 3499
6223 7547
7842 2122
5464 5425
5691 3278
5948 2863
5959 6269
403 364
3809 5783
2718 424
4051 3800
88 1505
5983 2361
7006 5501
2135 3462
1086 7292
5242 6170
5161 3528
2005 4188
5201 6173
1275 2776
7904 2339
4489 4963
1237 4997
7513 2373
7661 835
7866 3584
1251 6742
3496 3531
7730 780
2825 3279
6747 7017
7087 3554
519 257
7253 6476
5158 6947
7334 1770
5940 6407
2203 6731
3314 4294
417 3922
4939 5367
6695 4356
4267 5849
7784 1908
1572 7798
2272 2609
979 2223
6664 5320
1705 5800
7481 500
3332 2123
6354 3494
4923 4829
6426 3523
5803 6481
257 7860
2543 6205
482 2455
4141 967
2057 1364
190 80
1255 6984
4919 1869
4514 4442
7028 4941
2277 3919
161 485
3998 865
3079 7671
7386 5830
3873 7636
7020 6152
4752 6189
5201 7486
1731 1815
3469 4446
18 841
2128 4982
2500 2228
6741 7453
999 3939
3639 7883
1249 6488
3731 1784
6606 3202
4603 45
3102 6499
5907 3929
4252 1625
7491 1568
6497 4317
1537 2024
5123 4163
7171 7827
3005 587
3554 3071
1549 6651
6088 6014
7732 1793
1376 2575
531 7807
4126 3781
4377 3306
7083 6132
7890 6714
6279 4962
4988 1061
4111 5492
7046 4191
5031 7701
6947 5275
4167 5362
3506 1866
5376 5208
2302 3829
2789 5760
6933 7669
7262 4089
4109 7493
7043 105
4520 4694
44 7891
2242 1194
5211 2824
3697 6677
3734 1491
3996 4667
5235 7445
4569 1963
5846 2840
1855 6506
7458 7865
6738 5175
687 2355
1223 7229
7284 6861
5452 4267
432 138
5671 5338
4917 262
3066 2825
4233 6683
4715 5679
2397 3660
4450 2343
4888 501
7836 5842
6397 5790
7019 6973
387 2088
809 6564
5575 6525
4570 420
5410 5808
690 331
4589 3296
4158 4061
4798 7802
7005 5033
5467 3716
306 6891
2329 7968
2891 5579
4613 5709
2162 7527
3760 6263
7762 301
1386 2798
5475 2507
6660 706
1440 1952
7845 6219
2326 5983
5585 7567
1844 6195
895 1965
5389 7544
3808 1608
2795 3247
1496 5260
4526 7513
1579 7670
1659 6328
3473 550
3511 5922
1951 7449
4962 7042
1786 6045
5973 3970
1956 3175
6426 1795
182 3141
5679 6490
6047 952
1090 4357
1680 4608
2734 4424
4843 1712
1868 4547
4208 491
6642 5475
7525 3546
444 7653
2119 7377
7369 3711
3002 382
802 5380
2584 2158
5184 1384
4315 6385
2813 563
2862 2176
1256 7551
4462 468
5915 5920
3767 3765
4263 3531
7600 2908
5432 7171
4008 4282
1993 5021
6776 5866
4748 2296
353 2374
7756 6473
7715 1765
7869 4044
4311 2326
3817 2260
4266 2572
114 7782
3791 5665
1053 4642
621 4577
2113 5388
7754 3284
2484 7611
7305 1356
3240 5974
3231 6878
5579 7951
6021 2096
7143 3932
631 1063
4830 6093
244 4271
5106 1080
6762 1127
1722 2378
3980 7504
7746 2733
3871 718
3905 433
4691 3617
6960 6139
3771 557
4885 7239
1095 1813
7242 7190
5966 3590
612 3338
1415 1817
2689 81
4726 3432
4547 1300
2947 6361
4712 4673
3913 3754
3592 6896
7901 7109
6035 3035
70 749
4636 6162
1526 4855
6307 3707
6438 4184
7430 6620
2054 4642
138 364
1474 6697
6341 7140
4896 6762
684 7058
3331 2759
3891 5361
1653 3768
2251 2291
1222 274
6146 4668
3983 906
5454 5733
2892 1628
4505 2183
2040 5948
4037 5924
4474 730
509 586
844 1101
1092 4974
7717 5398
3518 6310
3438 6603
2766 6287
6906 275
7607 1744
3118 3860
74 3616
7755 7239
6377 5355
2913 7737
6074 5132
595 7089
7416 6593
5741 7840
4908 6606
2370 5052
2976 1347
3468 5798
5288 3943
989 3600
5 1214
7042 5543
6402 1493
4821 4567
6184 6534
7150 1234
3757 4949
2543 6289
2753 4920
1598 150
4777 984
3458 3425
1789 7116
3443 7072
5002 5428
4182 5699
7254 6175
5835 6736
3300 7748
5064 5958
6679 1458
3829 2318
3700 1764
391 3814
7436 1142
7799 2818
6778 15
4704 5972
6229 7091
413 278
2816 4135
403 7870
1026 3997
881 7566
1696 6551
4285 1313
101 6615
444 810
2838 2538
2916 2665
4088 7899
1338 7242
2827 1107
1784 4754
7987 1653
7104 6077
5128 4770
5591 1905
993 2454
4174 1551
5706 5860
829 6003
4456 3757
2043 1995
3250 1377
952 5744
1959 1602
3489 7452
929 4200
4589 1709
7343 291
5419 7868
4955 2591
325 210
6574 242
4093 6052
6583 7069
4787 7735
1534 3155
6471 2184
2671 1870
3111 7660
6666 2239
84 4739
8 3736
3512 6809
3640 3895
7491 3081
7059 7164
2405 2166
5211 4377
790 6028
1995 3365
7727 7757
1614 6416
3712 316
1734 2288
6591 7543
730 6827
6737 4994
4906 4345
636 5257
5605 4182
5003 2665
5528 7756
7758 7230
4150 555
5805 446
7306 5312
1492 6169
4954 2260
6265 43
4160 2283
5152 4316
3247 2777
315 6779
1215 3421
7501 3486
7192 2114
5231 5197
4121 978
4905 4118
515 4798
1217 6842
6419 1868
7893 7863
548 6338
3487 7427
4795 4285
49 4419
1254 945
1465 3412
3393 2315
7276 659
6817 5512
790 1193
339 7829
3480 7094
5903 3569
915 1428
5863 4261
5300 6121
712 1678
6648 2662
4436 5004
4195 6881
4404 4891
4208 4065
5458 3872
1360 471
2514 3991
6294 6188
5338 5732
5446 6551
6206 3180
7311 5318
5673 4190
5654 6765
1718 1879
5936 971
2174 454
1892 5235
7337 2635
1113 5949
349 4816
2366 7966
4054 6198
4925 4103
5433 4294
1749 2066
2026 2836
1841 7115
3666 4103
7645 595
2457 7694
6256 1795
895 7226
1447 5394
3210 4321
4629 6755
7137 1065
4418 4494
2259 368
2254 5850
2541 5432
101 2028
3831 6004
6832 4542
2505 6561
5529 3555
6973 5817
4632 719
435 7293
2964 7956
2573 2390
3959 6199
7956 2461
235 1185
5629 6392
4752 2040
6532 856
7986 1436
2038 3817
1841 573
7093 4574
927 4081
672 4065
7050 6002
6242 3049
712 132
4172 7543
5295 167
7540 5633
404 6695
2347 4055
5786 1915
4407 7044
2822 7758
3948 1480
3612 6013
3795 4670
1200 7817
7468 5114
5465 2543
1998 6635
6523 536
7459 2612
810 7952
5787 3162
1492 369
1185 6914
6323 7673
3657 1196
5948 1044
3039 2361
1469 7491
1157 5368
4741 3116
3760 2002
5062 5139
5840 1540
4195 4841
4680 1868
7704 1196
4212 6493
648 2759
1580 1442
1695 2627
1874 4827
3699 1226
575 3198
6080 3879
7942 2129
4520 6472
319 3965
77 4507
2452 7726
1533 5081
1417 7873
109 5160
7140 4608
660 7630
4584 326
1303 4705
4660 3247
1696 3500
3957 306
6856 1567
1540 7744
5713 1640
2808 2655
7366 1139
1531 3106
7773 5870
5772 3433
5294 2224
1086 7071
3238 2824
6007 5671
3521 5317
7268 3795
2081 136
7535 6395
3387 1167
859 4770
546 5169
2677 2426
4685 6265
1951 4090
6607 5042
5564 4245
4847 2038
4025 4127
5427 932
336 364
4092 4210
6639 173
829 2748
1236 3554
6865 494
1017 4850
5956 5172
946 1735
1528 7079
7951 2872
7859 5047
7558 7439
7950 3175
4782 4975
1410 381
2118 5963
7821 964
407 2775
1567 6776
5756 5940
5306 4819
2044 5029
6774 4651
7718 4572
7366 7502
3087 7195
431 5559
7515 5163
3030 7286
2938 2343
572 3301
5958 1867
1064 5650
2378 6595
4887 3118
791 536
1316 7726
922 2218
6113 3157
4784 2601
144 7974
1890 4288
5164 545
4836 4840
3341 1001
4390 2358
4295 5969
2357 132
5817 2183
6458 1677
2614 1634
2877 6617
1938 5077
2160 6246
5222 2759
3380 2047
3403 5692
3094 1127
1736 4587
6839 33
1195 7391
2307 2258
1312 2745
7887 7286
4948 328
1848 5830
2947 2599
5369 3732
2709 1684
2293 7246
3047 3964
202 6694
1345 4352
5258 1019
7191 675
4844 3262
2391 181
3055 1956
6784 3746
2063 3022
5944 565
66 4658
4322 892
4173 6846
521 2186
7767 3297
4325 5475
4991 2437
1119 865
4322 3972
3142 3505
1723 574
4962 7401
7768 1865
2319 57
5292 5358
525 7104
1652 436
3920 7251
7301 7287
7792 6652
3012 4797
2660 2275
179 5592
7022 6484
2633 2947
1544 5828
7768 3121
108 3727
1728 7096
1655 5512
3081 7969
4966 5890
3787 7192
6101 6549
7002 7944
5297 4754
6646 1943
5250 7763
4222 3099
3223 3574
390 2165
6840 1271
2491 1205
7724 3707
1616 1964
4107 1456
4709 132
3144 3582
4390 2571
2023 5391
2129 3408
6558 4061
6210 3067
5113 7471
6472 7317
7463 5207
2230 4814
7570 4828
1168 6652
6325 3173
4359 4774
3639 6667
4488 4794
377 2662
7357 3782
2334 5170
7820 1982
2250 2174
5287 5217
4886 6489
1429 850
766 4929
3804 6685
3129 7885
2455 5618
207 815
7949 3410
3202 1431
1210 2081
4147 4957
6272 2255
203 6199
6009 7676
703 177
3361 4270
4211 54
6981 6842
6084 5068
1915 5173
6132 4099
1444 429
1604 6755
2508 4213
3140 7642
3972 1649
7415 6548
3776 320
7571 3302
4800 4199
3603 3938
1235 5578
7493 6863
6095 1058
7374 7576
4180 6702
6988 6919
905 5121
2814 2826
6298 428
7951 832
2012 589
63 315
4117 6624
6425 4504
4866 6348
7306 2580
5444 1714
7131 1943
5352 5706
3109 6888
853 5089
5717 1411
7289 3563
4483 6654
3249 6286
6845 5837
1764 6498
1435 1587
842 7068
3711 4296
5479 613
6617 4747
7286 4016
1649 7340
6658 3662
7264 1967
4422 7159
750 5392
4420 7552
3796 4979
188 5938
1417 7285
456 5526
7473 1007
936 4494
1326 6587
4549 6696
1967 6103
7867 2116
6874 2859
2979 6534
1714 5470
5782 4738
5690 2465
6388 6293
2283 7720
6190 2326
7352 4855
3174 1206
3432 6693
2578 7752
5521 6540
5790 6992
7489 3996
2383 3004
2821 7041
2947 4505
3147 3384
905 2463
3261 2947
3103 7016
5074 4365
4164 3216
1062 5705
5423 7009
5806 5649
858 5122
4240 6275
6873 4533
3274 7279
6512 4119
5273 6083
818 4200
603 6209
1769 2784
3012 6462
4358 7062
2253 5281
2054 3419
2027 6577
884 1149
1540 826
1826 664
6705 2525
6223 7290
2401 6127
5171 6494
4783 3715
5600 6985
162 2535
6375 1959
5988 2209
824 7368
6685 7851
650 1806
2283 7880
7051 7394
2119 2636
3029 33
5948 3160
5677 4970
5880 7126
7357 602
4896 7753
296 2891
1227 5496
2531 1367
3764 3079
2085 1870
5938 3373
1814 4150
3612 4920
6738 427
300 5645
2302 7158
6090 3024
6588 3630
395 776
6950 3138
2475 1217
6756 5248
5984 4524
6482 3957
4905 285
6428 6023
1665 4549
1805 203
3818 3962
2879 1517
4450 3618
6763 6353
6702 2860
4942 7795
4700 3317
2614 7874
4450 1871
6040 4242
3417 3808
5296 5285
6657 5709
5504 2953
6479 701
4511 3124
7925 2180
3046 99
6531 5377
6166 7302
3640 5839
7759 3637
7185 1610
1842 4992
1966 2384
6744 2398
668 4917
5857 6619
5081 3762
7119 2004
2035 2886
4804 5055
7744 6543
3064 49
4464 1628
7228 5614
6555 5083
6601 3663
1218 4276
5195 2368
1397 6886
6954 719
5503 2347
7616 547
6171 101
6385 3221
5300 534
1979 664
1707 2624
5312 2919
6168 5749
1108 3225
7895 1045
1488 5456
1029 3967
6435 6349
3583 835
4385 4945
1410 2460
141 396
4870 7305
5778 3254
2307 1295
220 1158
7752 6145
4539 4735
3886 6912
1499 3530
6547 4508
970 5938
3325 3450
6578 3160
982 5428
6528 1944
6385 2619
194 6843
3731 5321
1170 5201
6893 26
621 3334
2768 5440
2610 488
2235 7520
3296 4918
5877 4868
4790 2189
3740 5625
1781 3570
159 1764
3008 3302
6722 3492
2387 7073
7435 7269
562 5369
552 639
2081 322
4237 4431
4498 293
4032 6302
3224 2031
1214 424
5493 7333
3395 5449
5538 5724
1953 2747
1315 1896
2024 65
4683 6442
4438 4226
3314 1701
6817 4289
6458 1701
4121 5690
2844 7234
4528 2736
3274 4454
3670 5756
7630 145
3631 4931
3224 6380
4939 4187
5937 7751
1287 7301
4711 7748
4033 4350
1549 390
1443 7115
5438 5068
4062 6413
2388 1440
3024 4560
6971 2288
1178 2155
6375 3639
4588 4420
2667 5105
4450 1774
5881 3288
247 7571
7795 3316
1015 4574
726 2178
6892 5090
3580 3059
4581 3454
35 6351
5438 572
7549 7452
3763 211
3146 1562
2428 3580
4545 2549
7803 5246
3209 7139
562 569
4650 7452
5196 150
942 3899
3880 6012
37 7381
4552 4601
2043 1946
4846 4162
6562 4913
7224 112
3296 2213
3343 1412
155 7756
1651 2339
4695 1517
2508 2609
5017 4991
7266 7216
412 2154
3802 7704
2301 5417
4325 320
7081 6333
6918 5834
5964 4629
5173 5489
890 5107
7614 7841
5695 4999
6997 6290
1357 141
4053 6919
5510 2675
7604 3153
4137 1741
2553 5957
2442 7590
2478 3703
4117 1980
3996 4360
7748 657
1698 6393
2847 5927
3959 7557
4331 4396
6080 335
560 5870
5605 3228
4264 7959
2854 6102
7761 149
4625 5366
6001 4714
5225 447
7751 7335
4638 396
1232 3146
4444 4636
6908 1950
6068 5606
5929 5551
1324 4019
6469 3150
1690 1696
3468 5993
2319 2682
7102 4320
1688 7000
2051 574
4394 5664
4258 6972
3803 1982
15 6922
3825 6293
5702 2146
4802 2663
6595 6848
6818 2102
4559 6063
4442 4810
2620 571
6273 3428
1198 2039
1553 715
2027 4549
3938 6673
628 1187
6534 3483
3358 980
996 4148
3933 1636
3272 1173
3897 2979
2596 95
1156 5789
3739 7295
7599 3544
4470 3083
2513 6370
3349 4760
1051 1876
324 3153
5083 5847
7908 5862
480 1892
633 6479
63 4964
2771 5947
3975 7541
3281 256
1947 4879
1835 4051
3231 6938
715 4084
6981 494
2372 4231
2527 7106
7723 2299
3079 1637
3607 634
2156 3881
3173 5653
2437 6174
107 4525
4979 1437
2603 1355
5729 3633
4608 4715
2227 6663
4520 7226
591 217
62 438
7762 3702
2724 1153
5333 1087
3103 7019
3835 1860
2581 2085
2526 3097
7139 7152
7662 1785
1694 2769
3109 7754
2545 2348
1814 5864
2210 3375
1006 6753
1759 5764
3552 1669
4432 804
768 3520
2861 6325
3992 3730
6857 330
1949 1804
2742 3898
5880 6091
799 3015
1124 7791
1767 3494
2318 1493
4851 610
5135 3209
5214 691
1107 5054
7356 6983
3831 7066
6001 7235
861 7491
2192 1130
4497 5255
3975 3578
7838 5717
6041 4059
4743 759
7270 374
5103 1632
6977 3892
875 1898
2093 363
186 6398
2198 6540
5196 306
1587 6392
1596 6260
3815 433
6284 3776
7303 1159
5372 3914
5336 2626
5774 2770
335 7380
6946 6992
5054 5262
337 205
1952 7278
5254 3548
4905 5112
7465 2820
7632 4375
6080 476
424 7611
6730 813
5562 7139
823 6574
5696 5914
5172 2426
7795 5867
5531 1359
5889 6717
6606 769
1680 172
1508 1556
234 543
1983 5459
3179 2722
4432 6635
2110 3862
5776 3841
5515 7271
5014 1479
5934 3527
5338 3383
6419 357
4901 6691
5812 1362
1618 944
7939 7316
2281 2657
7850 5031
105 3239
1780 6821
1792 1413
1087 4053
249 5657
4712 4281
7914 3013
1487 1816
660 6574
5599 115
1178 5209
4466 5293
1655 3955
1471 4910
4274 4757
5686 6831
3288 6240
2069 6697
912 3437
7270 3121
2910 1563
6197 731
108 6839
6734 4824
6925 3759
1407 4959
180 1713
4567 7210
1968 4553
1230 5874
2819 504
269 7378
1377 6661
251 223
7359 98
681 314
3095 7102
276 940
389 1472
4612 2552
3520 4144
7377 7982
2286 5893
6087 592
1014 4265
3400 4313
1826 5836
3522 4089
7401 2322
2678 169
7215 4769
7135 6119
3479 7976
938 1341
4669 7404
3514 3861
7855 2412
288 3799
2420 2099
6723 5714
3238 1400
2664 974
6858 562
6056 4079
6407 3847
340 806
1403 971
6504 1158
6566 6354
2063 5516
3776 2281
424 1830
7089 7822
1556 7731
7951 5021
2762 4526
2497 2424
9 4126
1692 1092
5413 3028
3820 3939
1106 3554
1147 3523
614 6152
6766 2054
5092 2192
7207 4050
1133 2017
4584 7739
7163 5374
3237 3833
7981 1329
6663 5933
6749 7095
1858 7921
3208 2683
5556 3836
1681 6899
7576 3378
122 1267
2661 6730
2804 4114
2718 1138
4707 7074
6039 2548
2757 2105
2909 6533
1039 6817
7672 3457
456 2646
1965 6335
4906 1036
4399 932
1766 1952
3914 6381
2742 7267
419 5773
7463 1813
3717 7868
2050 3136
2512 4995
776 7587
302 7281
3609 5202
2158 6332
5445 5664
6114 5629
5094 560
7423 6173
1536 2053
5678 4377
1983 5961
6317 640
420 3517
1399 3100
2437 2213
2616 3141
7192 810
4835 6256
3584 5366
581 3136
1359 3302
5177 2945
4595 6230
693 6625
470 1727
5430 24
5316 5643
7275 355
2294 1715
6089 5554
7002 5831
5926 1437
5755 1959
35 6361
3448 2375
2061 5147
710 3776
3613 5080
6050 1878
7386 1371
385 4996
7631 5960
1606 295
4980 1288
7889 7026
4515 1999
5027 6455
6834 4058
7891 1924
7669 3118
1538 6329
6238 3163
1585 630
586 5086
2584 6059
2558 114
4789 4046
6399 1705
1515 4918
4912 986
3815 4920
1076 5400
1667 6817
6541 1288
6798 5426
3732 6718
6681 2943
6767 3147
841 198
3512 3980
2279 4728
1096 3725
7998 1258
3807 4968
3337 3627
18 813
1996 2991
235 5714
6259 4004
2310 6032
4894 5755
1896 2662
5500 4322
7438 2055
3956 2370
548 1286
6295 4440
3647 1653
1043 3801
2279 350
2041 6268
7343 2262
6968 7742
4293 5245
5863 1590
3080 6614
5544 3934
7143 3182
2514 1957
1325 5399
3398 492
5983 2174
7737 7539
1316 5951
2127 7869
1919 3447
4168 3481
740 4645
2398 5972
1971 6034
2408 3258
2828 1537
2881 782
4894 4310
1097 3434
533 1652
3671 7052
983 5540
6340 242
4044 5221
6265 5831
6362 1139
5270 6484
1667 3741
3969 3818
2113 7330
7570 4953
6024 6329
7311 3769
1189 7505
2214 2
329 2706
4953 6692
2501 4561
7813 6114
6545 7758
5799 4933
4839 6676
2177 7379
5000 870
7604 1653
3282 4100
7465 2242
3781 4709
6226 5056
2052 5019
2471 4901
122 2372
3776 4103
2865 775
3726 5945
2384 7007
3519 2251
7979 4357
5399 5772
3246 4735
6178 2520
935 3583
5239 5906
5721 5353
7239 3085
6032 7758
3114 960
516 5237
6302 6354
7400 6954
6521 42
4750 3344
2116 3635
766 3140
488 4842
5472 3444
4247 7317
5077 6413
7731 420
5673 4928
4649 6813
4996 668
3970 888
1487 735
5478 5504
5768 5725
2775 2556
2846 5152
5732 215
23 3240
1791 2157
1592 7387
5392 6788
5348 7041
7905 5811
7346 7900
6232 4886
419 120
7115 6399
5784 3039
5754 1585
127 3971
4358 4803
6621 5275
18 5212
5213 5613
6381 992
954 449
1880 4421
179 7345
3478 2799
4295 4434
5538 2741
6166 2097
1823 1155
3726 4303
772 4897
4362 1719
2313 466
3985 867
1133 4425
148 462
6764 1740
638 2030
338 6658
916 4067
6482 326
3545 7322
508 3355
7751 3609
5222 969
5141 2190
4399 4972
7184 5650
3579 4021
5232 2693
333 884
4871 4814
2726 6543
981 4982
6090 7406
527 7176
7095 2900
2305 5385
2148 5497
4870 4808
2491 1802
1031 6511
1523 3672
4602 6710
4379 836
698 4627
2692 5730
2735 3775
6861 7780
7400 358
995 4346
7770 4956
4139 753
3650 4652
1081 6314
1518 4041
2905 3139
4935 3962
1102 4631
1755 2136
4542 2430
5798 2025
4835 2973
4910 6404
5916 5098
3017 4661
5733 4250
3464 7817
1735 3621
67 3141
725 3802
2827 7701
2611 951
7357 7419
1991 3928
5165 6093
6966 3310
745 4401
7064 7048
3379 5476
7380 4528
4249 2294
7407 4574
6131 2455
6605 1676
4698 3997
610 2089
1147 3997
3706 2502
2712 6805
4104 4676
1229 4324
5833 1143
864 6337
7326 5269
2233 7373
6161 3390
540 2871
2968 6688
6425 3565
6577 7555
1988 2417
3000 1072
4334 5398
3306 6059
4467 517
6981 2212
1331 3986
1488 1910
703 5056
5005 4591
5883 4443
646 803
2217 4354
7434 3117
7404 5384
796 1463
7907 5027
2699 1377
2403 773
5702 945
2471 4426
4252 1332
2395 3048
3463 6938
4874 2094
1528 468
856 3053
6005 3104
7124 3492
2379 7615
2991 3510
4027 754
7847 7453
3307 5525
4249 5639
4614 1472
5196 2835
4274 7135
4921 2530
4840 6740
7441 4065
2869 7425
4963 7544
7615 5721
5139 2524
5711 7209
707 7230
1405 5531
4164 7164
4485 2213
3304 1996
6730 7431
4175 3858
4914 6481
2640 6037
7428 271
2549 930
1771 11
7024 7042
5698 2345
4457 3870
2868 4967
5714 531
4336 4395
7473 607
6351 2711
3964 7639
4822 5158
1979 7132
1371 5948
2015 4722
3188 3642
5538 7637
1793 6835
2769 7489
444 1364
7687 5778
73 4531
665 2724
5931 6592
4105 4394
7111 7530
1507 5861
3183 5601
6260 6521
7639 572
6025 4442
82 3617
5065 189
1922 3525
7059 2025
7100 7007
5522 1039
7878 3589
924 2572
2362 587
2772 950
7647 6148
6630 2085
7060 4155
1813 2387
2595 273
6122 3762
1412 1268
1369 714
7171 3384
6006 6274
25 7844
4683 7981
197 6180
2870 2260
6885 6935
5411 2459
2426 2995
5767 4317
6911 3356
1592 3757
753 1263
5035 1758
652 449
3520 6625
6053 303
7168 7802
1955 1095
3797 6045
4128 4734
5684 6141
2178 4069
7647 7231
6229 4533
2060 538
7480 4392
2313 3144
3496 6006
5222 6255
1178 2421
2985 4904
492 107
2556 3967
571 3298
4036 4344
1145 6340
6179 16
4326 1506
7239 3279
7075 2356
7210 5334
4420 5315
263 6327
6961 1891
5615 5207
4764 6084
7765 4111
351 705
6418 2538
3711 7602
4725 6577
929 7902
982 995
2753 2204
371 307
500 2585
3323 6502
623 7327
508 2253
5932 5413
797 6672
4574 3234
5742 3571
3814 7888
6388 6047
2491 6964
6907 6689
7876 5575
86 364
5380 3984
1265 607
2297 7448
5528 1659
7892 529
1513 7443
2368 2657
4661 4913
6310 1187
2828 4699
6035 1121
6426 1670
222 3476
751 2636
4620 725
6554 23
1630 6462
6868 2403
2735 7092
6035 1408
5943 5064
1953 5334
1210 3549
6208 7730
234 1227
7260 1508
4549 362
1771 6730
2706 6322
1019 524
4457 3111
6100 3581
1568 2790
5629 2517
2642 1589
7531 3256
7601 2612
5648 4800
698 4343
1967 209
7941 6647
4994 7277
6009 7730
2796 6143
6952 4060
714 2800
7737 6922
3204 4456
7612 2724
4855 1463
5340 2800
3639 1186
337 2387
4686 6955
586 2440
7846 7872
2942 437
5093 4768
7843 2900
7156 1142
5016 6847
7503 1389
5732 2713
3085 2512
6418 4697
6534 1591
5033 3828
1598 5908
2073 6063
5627 2220
7722 4531
4980 2780
5116 2424
5350 3377
1565 1960
6449 3184
5833 5647
3640 6930
5807 3718
2454 905
2790 7371
7482 3643
1171 3381
1459 4835
1052 6348
207 4643
2402 567
3115 3977
7188 6532
293 7630
5294 7244
1518 3555
1308 2264
4680 565
3724 4734
7459 3561
758 334
537 6079
2796 7761
1585 5241
682 3810
3786 4978
2694 4477
5444 3528
1284 66
2339 3667
6841 1275
2610 3108
2031 2672
1059 1076
4567 2918
2767 2193
7190 6809
5797 301
5178 435
3738 1531
174 2369
999 6507
2850 43
824 2879
1617 1331
2166 4967
2304 1482
3503 5120
1717 4580
4615 4685
7429 3843
1075 826
7900 4685
5610 7176
7076 5276
898 3936
4356 5256
5064 2700
177 5426
7636 1475
5620 6990
327 2154
1377 7395
5817 4277
5311 4215
413 7006
648 5853
1197 2620
65 4639
562 3098
7619 6452
2808 1561
2726 3547
4556 2696
4350 6137
492 5566
1615 7079
7041 5209
436 876
6507 939
5079 202
7717 1423
137 1112
4482 1016
7346 3213
1514 3114
2071 3826
1487 5924
2098 1717
3602 2235
3124 3528
2287 6078
719 5255
7561 2062
5032 6073
1658 1247
6278 3897
5892 955
3724 3977
2781 4150
4425 7583
7121 3985
2488 6398
5574 1436
5766 6517
1607 8000
5127 2304
6846 3752
7810 6384
4800 186
6523 5846
7088 6643
3681 1595
463 4336
6992 5353
5951 938
433 6800
5580 5640
4183 1865
2992 607
7092 4235
7739 6657
7344 3905
5039 1579
2729 1286
216 1852
2203 2360
3276 196
4353 4196
7896 984
2857 6532
7120 7914
7368 810
6455 1668
4292 5997
601 345
5596 1562
7649 1118
7108 1613
4280 1038
1929 6534
3943 3982
2144 6016
643 3709
7662 6023
2900 5103
7177 7665
5783 4880
844 1238
7893 5906
5504 1474
788 3314
2204 606
6248 5843
3882 6403
2617 261
3267 7481
7211 4694
3281 6974
7347 642
6269 3839
2873 5419
445 2996
5651 3202
6510 6751
3880 7444
5799 6115
7594 6905
5582 4229
3957 5488
7567 6236
885 5855
7053 5032
6418 6912
6628 6745
4280 208
6047 4605
5991 5944
7472 4664
6383 4629
296 116
1811 2995
654 6195
7315 1842
3391 2130
3974 6838
1857 1066
2302 1629
3098 7463
4393 7370
7901 412
5883 6985
5625 4365
2183 4155
2814 5025
6827 3120
4334 6493
7555 4684
629 988
787 7702
7834 138
7346 1425
4533 6953
936 7524
3777 186
6680 6862
1356 7866
3689 3416
917 7825
4102 7482
5373 5464
4265 7381
7112 2945
262 369
5880 4183
4778 2606
2404 7453
1260 7694
6287 6341
4136 7365
138 4661
4799 88
5549 6947
4910 6175
6372 4209
4251 695
269 1314
6710 640
5121 3580
3981 6538
4878 5549
5628 7840
6365 1333
6689 7507
3831 3302
4699 2705
6006 6507
1441 6274
5307 3770
2902 4565
4385 4997
2122 5515
6690 3202
4267 2914
1090 5543
6818 4649
6871 4962
2075 667
92 7530
1629 3521
952 4981
7409 896
5753 141
5239 948
1978 1398
4056 2147
363 6826
5559 3053
4353 4856
3508 7948
1628 1319
2186 6163
4085 23
1226 4627
3232 137
1651 171
2984 2081
7304 6757
4741 5733
7095 3848
6417 3175
849 196
296 5132
4194 6511
5524 2014
364 2692
1365 6798
2119 27
1863 705
3310 2709
59 3122
7279 4362
3689 7323
7982 7760
4018 6487
2044 7835
4545 7121
5264 3901
297 5957
2833 7133
4788 638
5932 1039
7632 1175
3767 1379
2146 345
2986 3180
7739 4915
6774 44
7007 6842
720 6059
3420 3735
6513 1782
3824 872
3942 5339
5460 4290
716 7809
4463 4080
1907 7366
2844 7846
7170 6446
3022 2448
3603 4334
2120 3579
2529 4152
1493 24
2971 4055
5996 7642
7789 4483
1831 4300
5329 655
5764 6984
1111 3522
5460 6349
916 6918
6959 6127
786 5602
6326 1603
6111 7286
4422 1467
4806 7692
5362 2555
2836 7557
686 7115
4973 445
4747 3129
3027 7490
5043 56
7173 4388
4155 4390
5680 7037
5535 2251
738 6487
5364 5108
176 2368
4506 3283
4205 3746
3122 4923
3540 5838
498 2437
1973 6264
4471 7514
1610 4957
7190 3800
7233 6277
4235 5688
1680 5108
5697 5349
3848 6002
3584 236
2839 6916
6072 6815
6523 3397
6376 3539
3538 2200
4539 5318
6595 2398
4399 5837
3488 4929
6273 3129
2871 1974
448 4834
5279 4793
5550 1366
6168 4883
3274 745
6024 2475
6826 47
16 1115
5609 4396
7179 1516
5172 5601
3317 6331
3711 5880
6107 1490
2049 2683
4415 4662
5391 6858
2274 3123
2557 7092
4620 3732
1335 7659
1765 1303
5326 874
1596 347
2730 1997
5823 6204
7928 1441
884 599
3519 7139
939 2798
2953 3312
2552 4403
5177 4751
511 959
3315 3087
1092 2692
1108 3635
1090 7363
836 1050
1194 4519
3816 1129
2948 1065
4165 1285
1995 3367
547 7750
6610 6094
2223 5769
6595 1135
6697 5541
725 1859
2654 7392
2519 7687
7464 3818
3475 7899
4390 5764
6389 7456
117 4482
3179 1909
571 600
7920 6783
6421 5997
5406 4249
7227 1313
6303 4457
2553 73
2701 1276
2453 7370
1413 2488
6737 6877
7893 7418
6697 4502
6511 3553
2700 6100
4965 6829
4899 1826
2092 6609
2337 4164
2036 5542
7041 5233
3890 864
891 1056
4695 1069
3691 3870
4514 6257
7662 7882
3875 7483
3193 1362
999 1559
5542 2497
6781 4762
3463 4415
2816 5237
4337 6334
7794 1811
4562 5812
2902 7505
7777 4814
4389 3791
2343 4928
711 2369
4352 1939
520 5855
2516 784
6809 3874
7199 6171
551 7020
1694 4387
5293 1985
7330 2879
749 5139
7611 7061
1967 6012
6391 7025
3455 4971
6233 348
178 3578
6082 41
5 7229
39 576
5849 2541
217 5830
6774 791
413 2034
3930 4735
6310 563
5143 7643
664 840
1919 1672
2763 1362
4508 7372
3131 1498
6954 1693
6455 7411
2033 3403
3450 1800
1890 6622
5278 1849
6868 529
3308 549
3605 3735
1483 5782
386 4676
5751 3276
1760 1917
854 5014
5830 5418
2335 3205
4317 6175
255 5066
4139 5838
5205 3626
5533 121
7271 6728
5075 2591
5515 862
5375 7422
2386 1146
398 3268
5174 3482
1741 469
5024 1634
443 6905
1882 4080
974 4670
1464 1164
6173 3114
2350 2213
7500 5742
3052 2614
3328 6437
4193 4788
1633 2789
5249 2110
4891 7286
4175 5485
3213 1940
4855 7745
977 5116
7167 6867
6582 3264
1552 169
3690 5643
1057 4319
7007 4144
3952 4865
5520 4619
2329 7635
3638 1443
437 220
3756 2463
1173 2092
4509 2368
4307 2275
2096 901
4927 7237
4561 6710
7854 6516
3009 6125
732 6633
7057 7996
2930 4001
7220 6514
3464 1370
1993 6235
5732 2225
7717 6102
7931 6728
3122 1867
2990 3376
2234 1428
7943 3218
3888 4651
7679 6594
4484 7188
1837 1654
4711 7845
1134 4181
1394 5
5434 1708
7352 1277
1558 4805
6124 717
6370 3221
6894 7473
1356 697
1301 3580
5046 304
2411 7095
1271 6600
901 2863
2191 4568
5766 1996
931 4011
7805 6280
4716 5931
3965 2662
3098 1354
5707 4469
754 4843
7773 193
774 1711
264 2667
5666 7148
4178 1596
126 3813
1603 4094
4253 2886
1741 814
4042 702
2990 624
6941 4611
5945 4738
300 5420
5155 6223
135 6460
6786 4891
4950 550
4144 7210
3571 2429
5395 446
969 2666
6445 7403
2277 6956
6498 4167
3233 3797
173 1762
828 1155
1081 7142
3323 877
4617 2594
4079 504
7957 2189
2775 7725
6472 286
3602 4210
1671 5582
3956 3458
195 3564
6489 7402
648 6723
4574 6549
7075 869
4469 326
2943 6165
4528 5354
3588 7320
4207 5894
2489 4695
110 2932
5553 5584
3247 4655
580 6229
1127 2812
3291 4310
556 4716
2715 1853
2335 4935
6937 6376
2600 5665
6997 1062
6822 7084
4600 5917
5699 309
2222 6176
2894 1715
1006 6938
5278 4360
4696 597
6499 1488
4723 1370
7183 6261
7588 5171
2581 7614
266 2101
3960 4291
3068 2175
526 6045
1687 7390
4790 531
3457 1418
582 6354
4690 3190
7744 6914
567 7069
6871 2660
7327 2939
5811 7778
2439 3286
2866 1417
3638 3122
3788 4244
6514 2314
2092 3679
6180 3917
3788 7236
2837 3668
2673 325
3896 5656
3152 2425
5075 5018
564 1949
814 5938
3377 5484
396 7841
4420 4186
2842 978
1145 3332
7539 211
4327 2151
1333 4236
211 6967
3407 2558
6613 4254
5652 4991
373 7864
5820 5962
7626 2746
64 3653
628 4886
307 2549
2467 2824
7878 5043
1809 1487
942 5600
6113 1904
2259 6661
2184 145
955 5663
3809 2068
4603 1079
1002 5928
5746 5581
1033 1768
7864 434
7674 3298
7381 2412
7505 1967
6572 711
4080 2298
7182 5067
2581 1638
3767 7087
2017 5719
2925 4692
6006 7884
2207 4786
7428 1682
3098 6787
5518 4968
2984 4632
1507 6580
445 4483
6448 1293
5726 3483
3552 4134
2788 2901
7654 1472
1268 206
672 4731
1664 6266
4928 5981
4041 5141
7355 7422
2519 7088
4889 2022
1496 1812
7146 261
5250 1392
671 7577
3614 2944
314 272
2768 3329
5648 2203
1271 3062
2929 2631
4294 2863
4756 2772
1792 241
2220 3873
1335 6068
6933 7617
6590 465
4855 7013
1220 819
5081 2548
7626 5044
1112 6303
7653 4481
129 7537
6619 444
7617 2170
6980 4905
362 6447
4213 1167
1379 4100
7966 5117
679 7696
6155 4680
7039 6886
5361 3507
4598 7993
2464 3646
4956 1444
3448 2771
1687 5448
7652 4269
1749 2473
5264 6099
6008 3770
2702 1410
7312 4092
7092 1291
1610 1628
511 3073
2558 3209
1928 5365
3188 6007
1286 5190
4960 2840
3808 3713
4990 1968
1469 2678
3592 4151
5188 1134
5196 6146
3637 762
5832 3304
3903 6236
895 3890
1197 2258
3720 2746
1156 2106
4985 1495
3164 6988
4064 5461
7238 2745
3713 3974
7036 6277
466 1663
3428 4557
1859 6564
456 6896
3684 3396
3811 4312
3010 3308
7638 430
5090 5194
1836 956
1558 5246
3974 6662
4453 555
131 1061
7446 573
2547 5877
7064 4264
2034 5065
5459 4742
6427 4042
2367 2116
5182 6732
2903 600
2377 334
3487 1842
2096 3312
4193 333
4163 5677
5849 6378
6146 2477
402 999
3734 341
3836 7341
518 6301
6938 2092
6877 427
4977 1665
831 6928
180 1796
1248 422
7100 354
708 1258
7962 3539
638 502
2857 6772
605 590
3548 5583
6055 1561
5807 4526
6056 1898
7713 7889
1795 2875
3963 4066
6136 3885
2197 6062
350 6830
2566 4672
135 6728
2599 3537
5552 7259
2900 623
3357 3006
3140 4706
5791 4666
2021 3579
7037 2263
1994 2287
3945 6008
2006 5011
2971 2653
503 5527
2792 6647
5529 7071
2561 378
1717 3509
1858 3125
5117 3439
3845 6129
5984 1827
972 2261
5870 2792
3846 4764
5101 281
5289 3397
7315 5400
3621 1802
2326 6929
2815 2418
1520 5216
6162 691
6480 1717
2706 2683
2048 416
4666 4751
708 5408
5467 2003
7959 6823
1006 4330
4773 6004
1218 4348
5796 980
425 1024
1599 6642
3207 4178
6544 7890
1961 1616
5955 6254
4201 6875
1560 2994
7977 5146
1932 3364
3997 3683
5064 2473
5323 1097
6755 3641
749 5924
3246 6989
815 3033
1640 554
894 7890
5988 3768
1036 6699
4131 984
5857 7834
1169 6826
1330 4079
5636 2208
3639 4467
2407 6907
3902 1389
5798 6657
1358 1392
6722 6400
711 748
2623 3162
7791 3613
7876 111
291 4661
4642 7405
6135 2940
3737 3224
4374 7624
3163 3424
7655 5589
5340 3933
4552 513
3797 5132
2690 6080
4941 7876
4287 3096
787 6601
6018 2640
6577 5193
2344 5795
794 5195
1822 6571
3305 2716
1257 1669
2309 243
2021 7965
7747 1957
3682 4858
2953 4528
4138 5080
1923 2013
3747 4534
7210 3920
3646 1779
3663 6862
2271 6334
4725 7718
4095 3236
1307 2353
5215 5034
5384 1194
131 4462
5879 485
3450 7415
6881 5100
5524 2840
277 1816
3437 384
1691 7765
1566 6828
4208 2679
578 2166
4282 5188
16 4367
4716 2054
3260 1154
2813 5871
6199 873
2232 401
649 5378
734 3374
2601 3781
6516 1778
3843 6178
1282 5056
7737 1774
4638 7902
4429 2627
4622 7453
438 4549
2870 7321
6517 4795
2337 6815
614 6385
2837 4368
607 6770
6774 2649
5183 2405
2764 2346
4671 3786
5226 232
3080 1012
1715 1895
6216 3100
1954 3529
3104 2690
28 1287
1631 2735
2303 7615
561 3521
4378 1978
4330 7761
5626 6465
7499 7610
3977 7858
3104 6589
4750 2839
2823 2832
3747 6096
2596 1548
7607 2772
7135 6766
1161 7638
4178 1120
5262 6715
3375 126
580 4960
3624 5917
6860 5094
5186 2019
5629 2326
1458 3938
6167 4181
7607 6769
429 138
1811 2973
6100 64
3915 5274
1102 143
7583 2602
5600 5028
4408 7877
1987 6754
1614 7619
4507 5893
495 922
592 4759
701 272
6600 5971
1764 1390
1790 6649
227 5186
4966 2109
6288 5816
792 545
4414 3996
1110 7092
6401 7451
5786 2669
3002 680
4929 749
6480 144
5958 5532
6240 6171
2078 4787
7622 7078
2862 4879
7429 2050
894 543
983 7724
7117 205
4742 4984
717 2080
6030 5587
1788 7826
1702 2615
1004 6459
7201 1144
1384 3975
7174 4934
7331 6032
5731 3384
602 6656
1473 3583
2198 4489
2288 3069
2398 250
7889 4326
4562 5774
4836 612
5374 7324
7038 3721
1575 6852
5578 1883
7109 333
5659 6116
2179 5112
932 1861
1842 307
6535 436
541 443
5735 5347
5023 7374
7931 238
6173 4999
7726 5687
1367 6890
3715 987
5086 6669
2546 4445
4271 3380
3103 4772
1429 5347
3570 6086
4626 3680
5197 7587
1442 1082
368 3260
7864 1943
3045 7388
2613 3989
3500 6043
1429 328
5888 2339
262 3829
4652 6061
653 6257
1906 3756
3245 3511
6213 5211
6928 1846
6052 5018
6907 140
7615 299
3759 6101
7134 6764
5270 2248
6482 1902
3101 6938
7511 4838
6439 4978
1647 7809
5919 2243
1058 4202
948 6124
13 3548
2388 1016
4472 5451
314 257
3651 1158
153 6061
625 7010
6275 1711
3791 4338
1061 793
1792 5847
4473 2377
1907 2403
4949 7842
7946 2700
1183 7531
5155 952
6836 1896
7091 2281
1033 4177
682 440
3062 2264
2619 4168
5808 6
3644 2244
178 1810
1810 1957
30 5087
6554 7582
4104 4868
7671 1407
7409 2495
6777 4309
2217 3447
3567 3797
4903 1347
2807 3025
1913 4094
4832 5759
3265 5255
4924 1754
4577 3712
3523 3589
5560 2805
5468 7503
46 6077
6445 4940
5086 5987
2248 5808
1132 7641
1754 3063
234 2556
5480 5983
5449 1130
4075 6097
5184 6803
417 7756
3907 6073
3076 3718
4285 5605
3081 1327
1665 3434
2735 15
3378 1593
1174 3861
5313 1750
6550 2961
7275 950
6796 4655
6311 3481
3219 4485
3304 1136
2805 2504
1396 3910
2734 3091
3501 5390
1240 5449
5073 4749
1304 2472
460 7142
2374 1166
1799 6590
3851 7148
6870 4083
1395 2232
6633 3273
769 3641
2545 2815
6498 6482
6939 3025
5365 634
2543 5855
3372 462
6168 4631
1927 7997
3338 6272
4917 217
3092 6576
7385 3653
4764 405
6200 5364
5269 1516
4477 4058
2669 4955
3243 7828
6406 6615
7898 2918
5107 6214
6466 1340
7609 57
1402 4913
4126 2843
1556 1573
6366 3182
6481 961
7071 6116
1293 1439
7338 1308
4867 3816
3886 4219
5209 4967
3261 4265
6262 3127
7692 1464
3976 2519
1641 2575
2989 6962
1784 4904
1324 6113
2592 2609
7285 4208
5812 7330
5486 5437
419 6237
1204 3513
281 723
4024 3838
6059 2090
1388 4522
4885 1269
4310 2630
1547 4143
6335 3407
2494 1998
1371 6780
6709 1368
470 2572
7463 6122
5045 5794
481 1877
4075 783
7108 5074
2569 4550
3050 6240
3224 5922
2206 2909
1820 7364
2490 4576
7513 3671
2504 3927
3148 5461
6609 5160
5701 1573
5329 6055
6002 218
4537 2899
5547 1053
1583 7974
3854 37
4868 1099
2086 3752
6733 3022
3031 1550
1482 7840
6821 3799
6218 7639
2692 1930
6549 6117
2112 770
5236 2893
5577 5176
7500 3298
3430 1666
6251 7378
3177 7882
6924 474
6328 6476
6491 6896
401 990
5637 3128
873 7868
463 1104
7012 3297
7616 3597
4279 6453
7275 4646
3457 4317
580 433
5245 4548
5631 4670
4424 1321
3490 6171
5180 1346
7809 6231
478 5433
5947 1992
4401 2576
6209 7925
3786 3974
3223 277
3011 1719
7232 2816
3012 7772
5180 4003
6062 7981
3704 6601
7049 1348
4552 2206
756 5657
3388 6547
1672 6904
7138 7525
6639 6098
2442 2516
553 6303
728 6193
3643 6166
2237 5735
582 5897
669 3689
1170 4531
6789 2835
7515 4114
2728 641
661 5088
7844 3045
506 7551
971 4695
243 3780
1426 860
7176 5060
3709 1325
1560 2582
3160 349
7611 4909
1699 7201
6860 7093
5245 2865
1041 7637
7143 7296
2193 854
5409 5460
5723 243
2154 6650
351 5662
4953 1966
4505 4456
5354 575
2375 4695
4049 5741
6916 2033
148 3777
1406 7412
2538 7625
7651 4924
7026 7574
7575 565
3155 1247
7824 4949
5687 3587
3595 1564
3404 7764
3786 5723
5658 1379
5281 5338
5308 3573
869 870
3605 4728
7355 20
223 1098
1120 5916
4977 4645
2632 1837
4653 2275
6669 6744
2571 6235
6302 1499
3799 2630
5986 1151
3541 4199
737 871
6130 6788
3699 1075
2455 3110
5479 4564
5988 3660
1853 5616
2501 4021
2670 7075
5960 827
7574 4515
5283 99
217 1326
5068 4660
2516 6558
6048 3062
1130 120
4312 331
7642 5963
5066 554
399 2955
340 4744
1833 6067
954 707
7070 5997
6115 3765
3376 3108
812 1805
6261 1180
1173 2441
4032 1287
1753 3963
3414 1366
848 1597
2066 173
7305 3491
3588 5687
5890 2810
7869 2405
6913 6890
6527 4487
6170 4904
5399 5004
1712 3839
3292 228
5526 4117
5113 4691
2836 4409
1978 4548
2022 7369
5384 1626
4689 6454
3679 1518
670 6742
5527 6201
6923 111
6056 2570
5478 1561
3583 7333
6387 7726
3658 3334
2700 4984
4493 6081
6799 4261
6677 4898
3843 4084
6439 251
1223 1619
3453 4676
4592 5134
2223 2296
2037 5371
1898 2814
4558 5416
7847 4679
262 6818
4620 2910
2848 6933
7956 3807
1890 1093
2446 7603
6851 4806
844 427
2341 6515
6132 3006
3493 637
1476 1686
849 1470
5831 2910
4800 4443
4800 211
2848 6735
5496 1953
3110 2154
111 1382
7075 2444
4676 5363
1636 4793
758 6961
2431 2357
346 44
3492 1193
2532 5421
6917 4439
7977 7964
1524 7337
537 6901
677 3691
258 7909
4570 3018
1887 3307
3615 7798
1555 1186
6820 5130
968 1260
581 5241
4728 6428
4696 6480
998 77
6993 2987
5500 3955
5259 1199
1639 4280
6016 6573
2530 5136
5421 6810
3134 1557
2927 4549
4842 2884
5889 994
7327 2780
6880 4752
4188 1553
1825 4281
4125 4400
6509 6310
1441 2644
7852 4864
4398 140
3928 3999
3826 1984
2072 2314
4213 387
5224 2129
3529 576
3012 4264
7890 5813
3700 7086
5916 2777
1264 6591
2327 656
7246 6728
2807 3743
6541 2719
7165 5911
5031 6368
5672 7964
4700 449
4498 2102
6257 5236
7383 2910
3891 7164
5500 3853
716 951
7885 6453
3034 5380
4471 5650
4382 7529
2867 1593
885 3894
4505 3155
3048 1611
2418 2113
1869 2833
3455 7620
5079 7131
2951 6974
4283 6555
3053 2402
94 7275
279 3625
175 929
2952 7089
1085 2645
7509 1449
1321 7438
2000 5143
1634 337
5452 5260
1200 5750
4800 5667
1798 5214
2352 2877
250 3123
7752 7556
1348 3115
1516 6790
2431 3078
3814 5902
5535 7053
7226 4280
3333 2482
1545 526
8000 1297
1413 7901
7601 1081
232 7171
7541 6113
4341 2889
7168 982
6071 7953
4060 268
2392 7085
7902 6394
7155 5245
7632 988
492 1160
741 5338
1519 3207
3210 7159
2200 438
3857 3379
7226 4057
5252 7406
7480 7613
2382 455
5564 1881
5945 2283
5764 6784
3036 3621
291 2246
3199 388
4356 7618
6866 5006
5537 4314
4850 84
7631 438
7545 821
2570 7210
1505 7892
1613 6548
5580 572
5991 6751
6640 2290
4700 7009
1346 6030
3881 1608
4506 6515
3077 2945
367 1910
7822 7251
5223 1633
2981 1571
993 1865
4184 3169
5287 6760
4611 652
3522 3714
7063 4226
545 6152
4000 4646
7154 2112
7016 6106
4713 7418
3304 4001
6205 639
5591 3383
3002 440
5037 7473
7435 4394
5244 4699
4390 4718
7937 6825
3423 6023
6136 6572
457 3868
6818 1500
3109 2255
7487 5770
1063 6120
5556 6095
1090 6225
4546 768
6691 630
4880 4014
5050 1096
749 3336
6254 1219
436 6376
2396 2630
3504 3707
7511 4966
5691 2540
7786 723
4591 7099
7538 2816
489 6414
6632 745
6578 7865
7434 7339
6296 125
5524 6934
7936 7617
3694 403
1413 2393
6688 7134
4882 6603
5353 1681
892 484
803 6785
4365 1659
5861 7022
7950 4649
4995 3349
1400 3934
1275 1002
4815 5388
940 1284
3471 659
1795 5177
1878 6477
3990 3916
2200 4798
5722 268
3345 5490
6727 3560
1626 6873
567 699
7126 6074
6338 1672
4652 7949
6119 248
3047 6372
6664 7268
838 781
7125 4263
7764 2847
4462 5852
1991 2001
2870 5730
3615 3885
89 4470
7816 2617
4831 1217
4715 7758
768 4975
7283 6546
7898 1971
1962 743
1973 1298
348 7479
7301 7550
7625 5234
7575 7076
5879 7946
7002 6555
6428 4962
5633 1043
5126 6690
5799 5563
6156 5877
3914 755
3528 6477
1380 6741
4350 902
6408 510
2588 6804
311 3907
1324 3748
2644 7787
5270 6985
2952 3327
6647 6299
7034 7065
3231 5737
4664 4557
709 265
2322 5303
1633 6411
7802 6015
2402 2799
3369 5656
6967 4471
7488 5387
5948 5900
287 653
2505 5251
5883 5490
4454 1326
5258 5651
6679 1847
2063 834
2068 1876
120 399
7760 1951
2 5065
7927 5971
7825 3247
3717 1329
4587 4175
5226 4190
7592 2880
3449 1060
7451 4513
136 6387
2936 990
6229 4720
1411 283
2308 869
1236 5644
1772 6699
7421 7473
7166 7002
2855 3907
4742 7873
7101 6546
670 7109
1667 1727
3056 516
6067 67
1968 2011
100 6504
7620 7672
7497 5444
587 1448
2944 4217
1390 4526
6323 1821
1911 898
2331 1964
3131 6611
6077 2915
7346 4877
937 6711
777 1503
7806 2063
5084 7054
4938 734
3282 5852
6676 2017
2259 6505
2224 4529
7271 7495
4249 1515
4244 6020
5106 4690
3499 5167
882 5101
2241 1638
530 318
4411 5030
4468 5219
4728 6059
3272 2239
3092 4716
2313 650
4828 1586
1456 1123
5927 1700
2248 6219
1624 1815
2687 5767
5417 5988
2803 5658
7782 6145
2212 965
2611 3419
3157 514
5952 7844
2865 7944
5960 809
2069 5112
5352 3951
5284 1518
4246 1163
7452 7362
2664 1478
3203 5496
3762 1832
1862 6837
3475 1584
7121 6913
2220 605
1833 4435
3272 4733
991 5809
1607 7189
4103 1047
1544 2433
1524 4797
3252 3853
5818 1255
3437 4215
1704 3727
1939 6288
103 1734
1642 7061
5339 544
295 3651
1040 408
6429 7917
1086 7131
1137 2237
2697 5739
3574 2784
1612 7068
5322 1430
3970 3421
2019 4941
2208 6738
7083 4964
7546 7386
5049 231
3836 4209
2395 3023
3813 2111
2716 4941
2625 3682
3572 2500
1203 1796
7597 761
6169 7370
3750 7943
3727 1514
7649 7569
7005 1598
7012 1683
3150 4696
1500 5646
4698 2321
5111 3669
5316 5843
4969 7300
6535 7026
3114 691
5239 3545
7399 60
1019 6913
2238 848
4042 2418
5094 6237
1737 2237
3777 5764
5282 2089
2405 2926
4336 2223
7335 7671
807 1252
5618 5574
3927 2525
4113 4006
2968 2228
4858 7754
4055 4403
7098 3813
7255 5323
5239 5207
4038 3329
5550 4234
3199 2711
7094 6859
2224 6190
2241 4637
1106 657
7669 6887
122 3213
225 1427
7151 6149
1761 7285
4067 3214
409 3178
3950 7756
3478 1676
3523 5255
849 5601
2509 1268
1671 286
3844 5070
134 3202
1865 7245
1058 2274
5742 388
3304 2278
5367 7132
606 6886
6890 1899
6943 1579
159 2878
2334 1101
5160 1771
1234 6565
1360 7586
5876 975
5892 4117
3285 603
3698 445
2372 5610
5806 146
2730 3653
4115 4555
3069 2027
3586 953
3460 7008
6822 7727
3846 6072
1002 2901
2375 177
13 7850
1932 5491
2884 4360
2468 2660
2604 1669
6758 4883
6614 7948
5700 4790
1816 2843
2773 1551
7646 7206
4388 6428
7990 4647
6647 7923
3739 3246
3644 1005
4751 5418
7138 7852
5650 1562
6585 208
6056 5011
5327 2633
1894 6335
7923 3945
2917 2463
7210 4898
6722 7457
3386 7981
7839 2507
4421 4935
6197 6963
4608 4493
5729 2459
216 6261
7966 5991
7107 7817
3088 5723
5664 346
7051 2268
2494 5409
6098 6331
4923 377
660 7168
618 7660
5474 6014
4510 1565
1170 7613
6265 6172
3920 4248
3263 2117
6822 1440
4070 7446
480 3865
3015 3784
752 7326
1594 2924
77 432
2042 4160
5765 2032
3130 3638
501 4578
4372 3311
2184 459
5721 6710
4798 7669
6862 56
6483 5756
5108 1846
6555 1641
6252 7933
6046 2373
6322 4822
5018 5788
433 3094
5148 6718
6760 1433
6478 4147
3003 2919
489 732
7949 6924
5187 3184
7004 6185
3339 4284
3687 2227
6724 524
7771 3807
7554 6762
6661 315
6529 194
3646 7578
5364 5625
3290 1796
6269 2288
3508 1750
4342 2399
423 7863
5024 612
7737 205
5030 6002
2467 4610
6723 28
4051 5222
6092 4584
7463 4467
5598 5502
7571 6691
3374 3301
670 366
5727 6844
5900 1213
6197 7945
264 842
7978 1144
7891 5172
5031 7221
6947 4959
3100 7597
351 4609
4154 4896
653 3497
1276 6180
4724 2959
4683 7742
4607 2108
6804 7710
857 7766
6676 5909
4766 4781
4583 4925
2168 6313
2879 4341
3582 2185
2521 2480
4461 6507
3944 2004
3482 3312
7694 3308
5979 3013
4760 7428
616 3687
6923 6259
6188 4760
7519 3605
34 6923
7888 1423
1806 4417
5158 2465
4033 6107
5468 709
4600 332
145 2435
5348 3286
5622 1824
5433 2253
4740 5757
6708 2853
7666 5325
5553 1355
2777 6958
2443 7154
1096 2165
6985 5150
7077 3434
1818 6994
2142 7157
7028 5369
78 7970
1511 1252
1686 4896
5831 2569
4026 78
5904 3080
3489 417
1827 4147
5240 6003
2759 6343
3374 5603
3509 7491
4022 4780
7640 4922
6483 4433
2268 7649
7497 5028
3437 270
7381 3745
491 5298
4887 126
6662 6565
4654 2037
7996 7766
1768 6593
625 5756
5972 6368
4130 7166
5208 6873
908 350
3438 893
3675 5113
3596 602
31 7710
2375 5000
5844 3530
5100 3130
3293 275
5432 7601
384 2482
4842 1529
6517 5801
7230 4792
1943 3651
2934 6199
3492 4727
1384 3795
4081 73
6917 2665
2022 3518
3689 3802
6275 4191
4057 5696
2426 5812
1178 5274
506 4500
4049 4212
5571 2848
3192 2960
2648 4037
4036 3088
3742 463
7354 1884
6843 6924
7792 5799
3977 3986
1952 3393
2049 4973
4890 1296
1301 4816
4619 6641
2732 1990
3735 856
1604 2164
1831 2653
2980 3876
3545 2531
1134 3048
6927 4182
6323 3566
6483 5753
3172 2534
3473 5212
7389 4053
3330 598
4755 7972
524 5457
3333 7295
1969 3007
736 3327
7229 2589
2812 1792
3619 7579
4204 5420
2271 67
529 6064
5929 1271
4026 4219
3685 6328
2479 915
4221 4709
1276 1596
4512 6479
260 7579
3609 6260
6416 6033
7794 1817
2405 2993
5332 7909
4015 5855
7093 4146
2501 5318
288 5807
6722 334
1827 4333
4105 3812
4793 4141
4952 3089
6976 784
2620 3009
3886 1006
6198 7083
763 1233
1381 6456
5914 425
504 4826
2301 1791
453 5472
1345 5986
3756 7208
6350 1522
2477 5165
5823 7234
209 2117
3857 1186
3509 2062
2393 322
7713 4342
595 6144
6182 6332
2732 3558
3281 1030
4002 4408
6486 433
5141 6931
60 3025
7544 7812
7120 6741
3644 1730
5467 6303
4691 2427
5317 4749
1587 3247
3481 4137
226 5964
4363 6508
3724 3732
3597 4385
7195 2195
2021 5037
806 5203
3350 2145
253 7284
5303 4034
4576 4339
2146 5061
5535 560
6552 6401
801 4574
5583 4575
7735 1787
6755 5637
6415 7632
5134 6390
6908 1747
750 365
7506 1160
5541 5704
3880 668
3757 7471
2198 3283
1750 7689
2306 6470
5692 3587
2389 5412
2068 5753
4608 4035
4460 1687
4098 7239
4205 4677
1917 7834
6917 4413
7233 5949
6626 1699
4205 1631
7366 4217
3808 7550
1974 5382
6744 6980
6868 156
3787 3713
4059 5575
6177 1947
1799 1855
5833 4065
3652 7805
3171 2223
5114 722
7663 3442
1157 4639
5075 6402
2320 6700
4915 22
4028 2342
5945 3439
1459 5715
4909 1800
523 6588
4924 2563
3438 7254
4743 2127
888 7505
1611 7481
3379 1497
2259 2421
4717 3469
1931 5660
1996 3469
3514 1993
1540 845
2727 7945
178 2024
5158 4745
4232 748
4560 3380
5349 888
7919 5090
1825 1675
7588 6537
2790 760
3628 2468
3471 5244
2614 1235
7933 7721
1219 5826
3812 2281
104 3268
3030 2331
4900 6512
7758 6245
185 4756
549 3819
3774 1219
3974 1348
4267 4820
5001 2467
2667 2094
6213 224
3116 4880
6705 5270
7545 6556
2386 5554
791 4817
1472 4266
4444 3831
7338 5908
6468 5626
2840 7248
4054 6840
2306 3278
1002 3633
2169 1366
2943 74
1696 401
1740 2411
7417 5447
962 6659
1400 307
972 5497
2951 6039
622 4177
964 1496
6364 4907
5174 6383
6729 332
797 6815
1896 5586
5333 17
2384 1502
6395 5696
5982 4625
4662 4925
26 6308
7626 3965
3066 6550
2804 3025
2568 721
5379 812
1381 5695
5673 7238
3036 1926
2971 4718
4060 4100
6961 5796
3388 2701
3598 2098
6539 3727
7489 1431
3710 5140
1035 4420
5185 3836
1264 159
7249 6963
6727 5148
2877 4591
5773 1049
4405 6966
3841 5996
6580 7400
7173 7009
6381 2172
4067 1248
5466 1660
5398 136
7832 6822
4340 2936
4519 1520
1269 5952
1292 3154
7259 2003
5508 4560
6929 6371
4976 4679
1582 5805
3274 1594
7302 369
4439 4266
3082 6883
290 6673
676 5831
4156 3093
3411 1057
885 2414
7791 4109
2930 331
4681 1585
5507 1617
3222 2498
5380 5441
2296 5344
1621 2958
4024 6853
771 16
4063 404
2620 2924
4262 6108
3489 7619
7391 3086
1787 835
5143 5550
1520 573
6106 59
4906 3336
6302 2866
5554 645
3470 7492
3498 6867
7446 4765
1942 6398
4080 5428
7071 1781
7212 1791
151 5518
131 1381
7731 6390
7750 2430
3463 4754
7884 2360
3223 691
2016 5432
7271 4506
2066 1950
4164 3590
4342 4384
6811 156
5535 3722
3320 1963
1023 1073
3307 6322
7836 704
6159 7234
2354 2280
2047 268
7702 7820
2572 423
2530 6588
3199 4094
1468 5299
3127 7938
5379 2272
3656 7566
6655 5498
6563 6023
3968 6108
1777 7913
4702 2113
6050 6134
2793 7288
1666 3599
580 1232
1076 7343
7204 2171
3901 3938
4636 4804
6627 6415
5940 2039
4737 7794
2514 5231
993 7767
6925 3111
5058 7053
4303 2335
7026 5809
2408 4296
7674 6518
6660 4857
3942 7197
7652 5379
891 7928
2447 5638
7945 314
5166 5931
2842 7828
4185 3297
4911 7996
7619 4849
1193 867
370 3200
6433 3231
910 2848
7926 4912
6425 2220
895 7410
7108 5897
3831 4034
2878 1554
4543 7678
1495 432
2252 7440
201 4473
6671 4825
370 4279
1661 6563
5373 3757
3523 619
6157 7883
1230 3135
2354 6188
613 5200
6051 4053
1404 4151
6955 7825
897 6154
6730 3247
4320 941
4598 493
5164 2460
5734 2399
5085 3363
646 4386
516 6346
7583 195
1496 7419
5170 5311
1872 3391
2445 1029
4530 3310
7440 122
3852 2795
4010 4653
769 2645
5119 7709
1504 5351
5146 4909
2793 38
6174 5988
2416 4165
3965 4303
2813 6415
7338 4163
3421 2025
2844 938
1530 4978
5575 2473
2758 6147
1347 4981
730 5164
686 489
7742 6384
1058 951
485 4406
5941 3382
3465 5082
5500 237
4473 6660
3435 5969
3882 3805
3239 2044
7410 3179
6726 6021
6655 217
5663 4285
6823 3131
5756 4998
2383 7243
5917 891
5883 1186
7048 4844
5376 5571
5766 1795
7417 6970
3354 5373
5315 2086
3741 1255
7003 694
487 7384
2964 4786
3165 7833
1321 6930
4619 1419
6137 5405
7172 5719
7340 6662
5419 1186
5222 272
4281 4278
3620 718
4165 688
7661 5851
5777 3571
5634 5423
1407 1627
3094 7618
6168 1347
189 87
1085 4966
1697 620
6205 4121
6498 6426
6627 82
5537 758
1576 609
1558 6534
971 5336
3222 2445
37 2587
959 5671
2593 3801
6475 1968
5366 1178
1509 7530
833 3535
4873 2675
981 1666
6282 5619
4490 2792
7422 1483
1520 1870
1336 3582
340 2598
5324 3483
1631 2179
6265 2991
5238 535
2924 839
5172 4832
7117 7988
6275 7642
3473 4206
5 3845
6929 1902
1409 2291
5537 6003
6902 7548
2472 6649
5543 4211
5877 5769
3805 5805
3479 2694
5678 6362
7357 6965
4266 3056
2674 1600
6883 5431
6673 2093
7755 1805
2007 930
3976 4918
1360 5228
7412 1764
911 7347
6389 7047
4465 4373
4981 1453
3910 4071
3591 4218
7301 7133
2087 3862
4845 2963
7073 5101
6066 6105
1878 6543
7647 4870
2867 2171
5916 4001
5405 396
6395 6782
6803 7148
1000 1901
7139 1261
4038 2493
4717 2445
5451 6807
715 5571
913 7626
600 379
6772 7751
5611 7453
6350 2944
2814 4999
6558 1409
5689 4314
1245 1978
3081 191
4753 6479
7959 3691
6331 3394
1380 7632
472 7885
5227 5970
247 2844
2346 433
7753 6141
195 4576
5149 4658
4185 2707
2137 7164
4008 494
7220 3670
2118 6563
1921 1526
6249 1710
4280 6591
5989 6321
5987 5917
6015 2254
7225 2138
1110 228
7360 7037
4928 365
4218 3781
6799 574
1898 4348
7940 6719
5786 3916
3116 7992
4416 4776
2010 2907
6216 4514
4532 7572
2148 6234
3933 1871
4385 6726
1410 173
1642 83
4715 7337
5935 5257
193 5224
6356 6822
7772 4510
6628 2159
656 2727
7388 3062
1716 5661
7343 1065
3452 5767
6871 3208
556 2775
5611 4743
4491 6756
2305 3503
4170 6276
7465 5358
784 1058
185 4666
2044 6032
3291 6564
4122 7239
3906 1439
5226 744
1588 2471
4921 5462
7565 7861
2833 3387
7908 6693
802 1347
7088 2608
2677 6326
3110 6468
6832 4733
5363 5701
6678 7335
5391 1678
213 4628
6753 848
4759 1127
1976 1519
4615 4100
6003 3257
5284 448
3435 7797
3344 4293
7168 1277
786 2627
3039 765
2938 4610
4960 3855
3512 7840
6299 1620
6606 3884
3797 1080
862 4689
5607 1961
5719 6870
5318 7848
3926 3597
7488 5885
3000 12
340 2526
2476 5968
4160 7625
1966 2740
2141 3723
6701 2021
2515 2956
4927 1571
219 1928
6662 5361
5714 34
5686 1406
1641 5206
5465 6833
7587 2674
6820 7858
3382 902
3236 3362
2950 5885
3556 2513
3561 3401
4627 3834
2614 4951
3208 6983
6783 4832
2443 2856
72 5413
7897 4548
7685 5872
7352 7863
2513 4909
4938 6416
3742 3701
7802 3098
2355 3440
420 2950
5496 4699
4829 1268
2294 7359
7545 4505
3810 2446
6639 6896
5921 5408
6280 3736
3694 6399
464 4122
892 1509
5567 6238
2135 2052
6641 7347
1394 3860
2476 844
261 3886
5664 3337
5919 4303
6987 4021
5022 7729
949 686
5383 7351
547 922
4950 1245
7169 5744
3528 4968
4353 4527
4972 1907
2106 7032
5948 6307
1908 5880
249 3755
7667 4062
7758 6832
1786 1030
3770 5427
6290 3647
