7000 7000
1766 109
2851 436
3614 3275
531 2673
1773 1248
3491 2060
4088 2838
6643 2003
248 6776
4180 354
330 6498
5801 5109
5344 4195
6561 3334
2877 1360
2486 4754
6010 874
6615 5327
1107 4965
3057 458
5594 4840
3819 335
4794 4203
999 323
3890 2036
3657 2706
3908 3506
1137 4959
325 5473
4324 3658
1567 4617
6495 6143
6235 108
3039 4869
1743 2254
433 5300
5290 808
4557 4100
510 5637
4250 6110
676 5305
6296 3623
494 675
1779 3594
2303 772
3403 6891
3929 3651
1708 778
3047 1087
6569 526
1599 1347
1581 1996
1754 634
2552 1399
4406 1283
3397 4323
6325 5940
2962 2657
3027 6901
5942 6266
295 592
4107 4451
5457 4598
1481 1915
4011 1435
6476 1718
576 4237
2652 2043
6441 1133
5886 4562
6466 4569
3494 6802
6572 468
827 5708
2568 1018
736 3381
6396 6655
882 446
4692 4529
5612 121
939 2829
4641 2572
3698 4339
3790 566
6403 2165
4534 6212
4664 5352
1496 3509
6555 3725
704 713
1179 5751
6622 5160
4673 4392
4458 1205
3585 4757
306 816
384 6110
1549 5357
2831 1970
1205 23
4500 5271
2847 5051
6103 5816
5002 650
3731 2759
5603 3489
2149 2510
166 5858
97 2224
3334 5233
4992 2755
1157 5777
2065 5074
1751 994
475 4162
6831 1150
6606 2597
6846 5888
3122 3445
3189 3042
5077 2061
2443 5304
3399 711
3543 6740
6565 3568
5653 2252
1055 4959
5836 4404
167 5096
1921 3725
3058 6824
616 5396
2443 156
3391 4667
3998 934
6978 6294
2402 1660
1849 3547
4765 6113
1294 6925
6702 5686
2336 5431
1951 2735
5953 1608
3832 1252
1255 2871
1533 5645
1463 6213
6961 1097
898 2949
3981 5646
729 1963
64 4162
3673 2523
5756 2014
5706 6716
2636 3340
3765 5184
5598 2588
2233 1348
874 1772
5411 383
5879 673
2505 6635
1747 211
6394 4722
6889 4170
5725 275
1947 851
6544 5525
4323 2473
2961 6301
1996 3574
6705 3690
6083 718
1871 6594
4516 6570
2406 1361
982 3196
3330 5885
1599 5811
279 3721
5461 1413
795 3027
5821 5110
5255 3195
4212 753
2424 6734
5278 612
2029 2100
3190 4146
3761 4141
4249 5076
6668 5657
5194 2045
6714 1433
4026 1451
3891 4588
1595 4022
2801 3080
651 4343
6060 3411
2334 4435
4271 5025
1028 4501
6845 5248
5494 3445
4127 604
6525 6948
1608 5868
5652 41
2261 3793
1997 5879
1442 5916
1306 3199
152 3138
1067 107
2518 3302
3666 3461
5857 5191
3998 2923
1846 4206
4191 1833
6258 3063
33 5913
28 329
1484 3263
481 1177
441 6941
5600 1612
1015 3855
5825 3578
4800 5133
6765 2933
1440 511
5580 656
4979 5791
6406 2539
4949 4427
3354 3926
3922 3154
4581 2472
6933 1165
6811 3683
436 2493
4508 6937
5039 5491
1389 1306
4591 416
4092 2064
6478 4425
4194 4686
170 426
1271 3959
2900 4270
975 636
3700 4727
179 1536
4101 2633
3657 6508
6420 1847
4031 2985
1585 3982
2025 2411
2549 3635
3564 6612
4300 5334
5114 6042
6687 1473
3145 5867
2414 5005
2648 6590
4447 6687
4767 2127
3869 403
1097 3801
364 6130
4517 4250
1038 3701
4717 2142
200 5579
2555 2380
6138 237
6566 248
1897 3434
6311 3908
3850 531
1477 4276
3438 3622
4963 2386
3455 864
2382 1471
851 6594
5177 6243
400 3097
2914 5496
6320 3268
2016 6903
700 1384
4418 3814
4299 4560
3603 573
115 4317
652 703
2264 4338
6585 6487
3811 5319
6116 2302
2904 3993
302 1420
3694 3872
6564 3546
5318 5567
2335 5137
2061 1956
5509 947
5214 2478
4116 3903
4562 800
4077 6044
1374 2048
666 1262
5745 6644
6104 6471
1877 786
4178 1304
6966 4621
999 1222
2966 4836
270 5955
4938 5057
6814 6643
564 6712
6281 1039
33 3785
5380 2986
5872 5665
3984 2931
5821 4506
2815 4964
3774 2937
2629 2577
4074 1314
3381 2015
2853 4187
6342 255
6992 1340
2254 611
613 4092
5348 3674
4529 2471
5363 2139
5265 4822
2109 510
385 630
5184 6652
719 2589
1639 6137
761 675
3580 5048
5158 5515
2556 920
5521 4030
3904 3352
1726 3063
6769 813
578 907
1297 5848
673 1461
3706 6095
6320 4757
5375 3262
2311 4807
6094 6989
3 3588
3877 709
108 278
4274 2574
1424 2692
2354 3633
1181 3266
3529 2811
714 1346
4850 5210
3072 6193
2483 4912
1523 6484
2069 962
2410 5609
5650 3515
1393 2787
1310 2626
2224 6316
2559 3175
3915 5337
4689 5006
5235 1725
4919 1472
2572 1846
303 2857
6644 776
1007 4751
5996 2563
3022 285
4306 4289
3327 2436
6652 3340
4198 2622
2001 3124
5649 4923
4663 3467
2107 4522
2623 1357
68 3470
1937 1674
2838 4433
590 6238
1897 3881
2958 6109
4051 296
939 2594
1789 682
1112 1735
683 3176
1236 714
3338 3588
3781 4835
6287 3851
3769 6892
1689 1703
1129 4644
95 2618
3354 6635
5700 2105
2423 5377
171 1534
3402 6293
2904 3419
3276 684
223 4031
2232 5024
4644 5455
4297 4895
1944 4439
4647 4388
4740 6112
5835 1712
6470 4743
5696 4095
1480 6109
4116 1701
3130 4773
561 3021
314 4029
1332 2490
13 4399
1438 3777
4292 6057
2760 741
5425 4073
4353 3595
4316 4927
4966 2630
3089 3529
3686 545
6961 3541
561 5194
2510 2626
6830 1235
3151 687
174 6153
927 5561
3721 4366
5818 5420
793 3818
2792 3618
3555 6895
3352 3092
324 4418
1991 6992
3708 2025
4793 2817
2840 5576
826 5627
98 2895
3324 2212
6403 4714
373 1787
5153 26
420 470
5381 6906
1159 2287
1223 5302
5015 3980
3762 354
2648 1419
2629 784
1075 2879
4021 2119
3307 6468
3461 2218
4864 1521
3719 927
905 2518
190 5804
5518 4480
6196 6542
6232 2208
3908 5999
4313 4087
6686 6267
4837 4356
1063 5684
3372 1450
5972 5150
2124 6653
5220 1892
3467 2051
3052 6940
5095 4491
1791 2184
1284 3798
5210 2498
1099 3778
1626 1530
4812 920
6611 4750
1397 4045
1857 5724
5299 3130
5684 5363
2568 4821
6477 5362
655 1016
3969 4773
3467 6478
1946 5436
2590 5391
2480 6425
6561 1845
1405 904
784 6022
1001 4570
3260 5756
998 797
1886 3837
5024 6906
3816 6720
3287 3980
5284 6869
2473 5317
238 3597
1213 2535
6495 1792
4284 5657
5985 6654
2368 1672
4132 2943
96 2460
1057 2494
6441 5440
5779 2829
3890 1336
5797 2488
2222 3639
5581 2518
3134 3484
1236 1644
2162 6534
1222 4752
4895 2025
1221 2731
5990 2357
6716 4248
6734 6588
5058 5875
1813 591
4636 3678
2520 1529
3044 5567
320 1327
6714 3529
2759 2421
4445 5443
930 2935
1349 6477
1022 4227
5969 2851
4363 1706
3171 1949
5259 1844
2834 3829
1361 2970
6672 6127
1943 4361
1819 3424
3701 1494
780 215
3522 1163
604 5490
240 5732
3195 3045
6940 4806
6880 3365
2630 5390
4210 2249
4531 5160
2027 4753
6184 3673
3007 6399
5801 3541
5026 5142
5361 2620
155 3902
2058 6610
6038 540
2387 757
1856 4091
296 3329
3292 157
5176 2758
6166 566
5552 5746
756 659
1992 5467
6469 6922
5900 5519
76 3425
4967 4817
51 3734
286 4383
780 2793
2793 1036
2023 4215
230 1039
3637 1500
3070 5144
6482 647
211 136
441 4433
2088 4094
2819 3057
5213 5963
5559 5085
3106 4445
62 42
3719 2122
4807 4024
6031 4933
4185 3127
4704 4357
1954 6724
2793 2090
5488 1195
5132 3535
5976 3800
6811 2834
6715 4109
1314 1596
5155 765
4071 5972
2508 1306
5054 4337
2707 2621
442 1359
3709 2340
6694 2692
4253 5375
3709 6824
986 666
6109 6600
6409 4947
6939 734
3366 5530
2458 2612
5932 5985
2818 6611
1874 2419
3834 6789
6203 5207
2941 278
4223 1103
6725 6705
5768 64
1551 789
2317 4962
795 4705
3447 3138
3254 792
6788 2697
22 4640
2193 3010
5211 1311
5383 5794
6950 5636
6586 6684
3843 3650
5124 588
5643 6670
2856 4190
5693 6530
3693 129
6831 1152
4359 2816
658 4595
1325 771
1486 5349
6221 2889
6387 3491
1776 5491
3204 3999
4232 1107
931 3176
6872 746
1529 6412
1808 6447
565 2857
1381 581
6992 4818
2350 1155
5260 5087
727 6991
1046 5744
1834 6728
6189 5354
3963 1738
1444 6999
971 5724
6564 6348
1905 5292
2794 2654
1053 4714
3281 4909
5698 6336
2477 1935
463 6497
5887 2127
3147 6845
2271 14
2541 3575
6019 1350
5661 2518
4610 6172
1048 3150
6040 3571
1924 3529
1659 1447
2094 5566
6547 488
5430 5960
4261 4543
6569 166
3728 6426
6545 4847
26 4640
1560 5059
6567 991
6421 3826
6849 229
865 4636
377 4590
4490 6941
2687 6589
6598 3649
244 5946
6324 6200
3751 2960
4428 4351
1286 1822
208 6252
129 5423
3830 5556
5894 5309
6511 3386
4413 4363
4454 3213
6432 2389
6536 915
6738 6593
3350 4542
1591 6698
1007 521
4355 1577
3528 6906
3317 3755
4801 4026
4239 3942
99 5505
3927 4941
3574 1039
3391 4536
5790 3252
4388 5491
4353 3502
3637 5449
3262 87
3526 5773
1000 1266
91 4672
1264 4415
5991 5925
944 2142
1294 2800
6659 6284
6268 6959
6439 2525
1547 2950
2831 3641
5349 6975
5533 1467
1157 3921
444 4033
4610 4381
4933 3576
632 2130
4492 6554
4210 614
1598 2360
4674 3095
5585 3471
2848 1254
6759 5387
2526 334
6973 4581
1693 6534
3931 6645
3694 6237
130 6939
3318 6681
3955 5314
5941 6645
1314 2150
1452 5226
4536 1231
1681 6102
845 6160
3871 6808
4258 5687
5243 3331
5532 5133
2097 2767
3351 3134
2625 5200
1015 4804
4387 171
5421 308
10 5447
6752 6600
6236 2376
2337 6536
6116 4182
497 6721
2893 3655
4591 5900
3505 672
4867 2042
5784 4063
6782 6166
1609 4351
1805 2281
4189 1037
4752 34
3638 455
3868 5944
2532 1679
1170 4476
635 1237
1446 5773
2916 4122
5777 3818
650 2533
1833 5757
4995 5407
1455 3400
457 601
4483 3330
3556 1266
4800 5537
6218 2064
3867 5349
6181 3776
4273 919
1253 4887
6367 2638
2387 5420
6175 817
6339 6145
4887 1723
6991 3024
2763 2215
4233 2147
6073 2152
433 5958
1067 3716
4730 114
4693 6223
4333 1665
4118 813
4344 5543
2040 1645
5673 2190
3040 5581
5315 5626
6714 5320
3881 6698
3506 6113
1242 5723
5623 6067
5240 6242
117 4804
6292 1150
5911 4540
3835 4062
4795 3572
5761 2639
3902 4083
1357 5095
5411 5132
1812 730
2592 4841
1837 1140
3907 2244
4519 529
4395 3989
6217 1582
3520 2566
2319 6648
1345 2734
1268 6221
1435 773
1220 6503
6010 4445
1071 3730
1993 3360
2479 1440
6737 6344
4424 6839
2104 6786
6805 3393
3509 3841
5386 6924
6850 3015
3400 6011
4378 4816
24 1300
3048 2429
3987 1844
16 1874
1972 6030
6582 383
4303 6931
5663 1628
2472 6110
6628 4825
5924 5224
1072 521
1684 2403
1490 648
5827 3970
623 2928
1094 4407
3827 5615
60 1108
389 6118
1807 2457
1869 5319
6427 2366
6086 5067
117 4766
2251 2075
656 416
3722 3405
4789 5657
5140 4901
1121 1967
5077 6871
4356 1701
1289 1039
6337 1372
4398 6505
1217 4174
2736 3605
2395 6836
5577 5441
5294 1265
6514 5691
1191 3836
3583 5668
6529 5391
1107 4491
1914 3921
4902 465
3618 6903
4497 6546
4642 3584
6294 5015
3106 1181
2812 980
595 4519
464 1044
5840 2746
1748 5717
1172 4302
1241 1286
1629 3400
3531 6559
54 5098
3801 3119
2177 88
3087 5326
4979 4129
6362 6729
1580 5693
4076 4832
5595 3565
1509 2571
4677 1322
4186 3523
2059 6177
5682 1529
1265 4174
119 3545
2921 4777
585 3951
3982 3507
59 2546
4136 1413
1599 4957
6467 3143
4896 529
5099 36
521 344
1784 1740
5832 5797
6850 3176
1138 92
5234 1011
5964 1027
3622 1241
4580 879
3518 1693
3230 6513
4581 1060
764 1776
5018 2543
1131 1614
690 4070
5507 280
3123 5569
3572 2084
3153 1422
2418 4322
264 1925
1727 5070
1940 5471
6368 2667
3357 2690
5089 3288
4149 637
2934 5658
1267 1063
1120 4227
2996 6798
4012 2685
5174 1620
1724 6551
571 6719
3604 5748
334 352
2811 1387
1989 4033
6421 4236
2465 5434
1883 5646
4092 2525
2055 2281
4164 3262
864 3855
1120 5827
3173 5937
3156 3363
3797 3628
6655 6002
6643 738
2116 5787
5401 1386
3026 2827
4704 389
3125 4609
6916 5400
4809 3077
4573 3900
6388 5892
5592 4607
5102 5349
3039 5341
3104 4235
1684 1672
3109 393
4496 5945
3908 3018
5273 1472
1670 5278
5139 1644
752 2981
4963 5580
3733 6053
1169 2071
2878 3842
5618 6089
4932 4702
5344 3432
2411 1034
3522 3544
507 4642
1301 333
2445 3279
6683 6681
6509 3652
4582 1517
5372 5201
1109 1700
6779 2129
1362 3129
497 2393
4720 6938
1317 6588
353 6374
5274 4314
5644 3941
4955 750
2075 6792
51 4549
4625 6096
480 5249
6848 6277
3124 5524
70 1590
3805 1880
910 6883
4434 768
5768 1443
4115 5608
6089 6520
2362 845
4251 2221
216 4123
5835 788
388 4002
6671 1831
2003 375
689 3889
4081 4719
385 3793
3577 6252
1902 6710
6167 3335
6534 4949
4227 2738
2136 824
2234 4960
592 5656
38 2343
3031 5158
4947 2980
2329 3109
5375 6693
999 3298
678 458
4099 1085
1264 6865
5199 3300
5214 2331
6736 6511
2530 3500
159 1428
2803 1421
422 3879
2194 6345
5819 6596
2217 3632
5061 3086
3973 605
3076 2693
3563 200
1685 3878
1583 5860
5740 6172
171 4031
6163 403
4142 6042
4835 5020
2840 6570
6245 2527
1913 2691
1009 289
531 2854
240 947
478 1191
4038 1722
3349 4727
5728 1727
2877 2681
1138 691
6473 2455
1363 5859
5655 2158
1735 894
1322 180
6894 2094
4905 6101
3167 6394
5592 6630
4637 1337
3950 2850
6283 1011
5922 3128
5558 6177
4122 6361
512 5388
2375 5478
5184 3102
1823 3189
857 6837
6695 5054
4412 5370
807 5280
6685 504
2174 3566
6626 3651
1773 6481
3071 5729
6117 5582
5275 5900
3062 1353
5093 3589
6322 3846
2728 2178
4434 667
2099 5000
5853 3706
779 6110
6887 1129
789 2077
3391 4333
1599 1264
6964 2861
5418 1136
207 5947
2293 1827
3666 1853
836 5469
6230 2718
5085 6999
1500 5404
2615 2964
2831 6448
2501 2913
2080 6437
4652 340
5587 1012
4559 5458
1900 12
1413 1561
2912 4021
4806 1105
4490 555
5914 5404
1327 6798
2951 2676
318 622
4133 6923
5278 165
5563 5572
3683 5519
1834 2766
2479 6490
203 5712
2672 4012
5273 5705
4017 6436
3409 4298
2114 6161
3252 2195
3582 4187
6740 6478
2225 3596
1787 1933
6631 4267
681 2415
1699 3525
4005 615
2267 5005
551 6707
5634 2560
3631 3974
439 4797
4485 1253
1647 2326
248 5272
2944 2551
1597 5948
3916 1587
1985 2857
5174 2921
2441 4779
926 3942
4233 3984
1820 5120
4061 4070
3664 1319
3198 4297
5158 6852
6270 4800
4841 4252
1079 459
4236 1846
5650 3622
162 5299
2215 3672
6467 2572
5703 2468
5956 2699
6294 6183
1294 3205
5960 1792
3335 2035
12 2304
1889 4704
4794 3537
3186 3471
6714 5544
6977 439
4820 3440
3750 1750
3313 2849
2373 2839
306 414
1900 5699
1085 5529
3916 1059
3369 2083
3227 1905
3304 1434
5171 525
5438 1167
3494 2265
6159 12
3322 3513
2209 3638
5756 2692
1589 6399
6081 5781
1017 2061
4425 2388
1910 4407
2177 501
4580 5357
4287 4180
4012 1731
1538 5788
6233 1724
863 2959
2438 5931
2476 2920
2247 2861
4955 38
410 1163
3007 3762
3849 5983
6976 5055
545 4432
1089 1074
2528 5113
3969 39
1297 2288
3270 1570
23 395
1358 323
3000 1901
4993 6028
632 892
6016 4674
1559 6028
4773 6946
1455 5802
1709 4179
4652 3194
5653 2078
5859 5282
3927 4011
517 1792
4778 1384
3286 3873
599 4640
4630 4193
1321 6965
1549 501
991 3730
6015 4473
25 6477
457 2467
3108 2117
6951 1306
1755 6091
4195 3973
5163 1795
5602 2803
1047 6153
4527 343
218 1123
4463 5057
2143 2815
4231 4462
1217 3700
5959 3219
1823 1100
189 2046
4241 1511
3548 1089
498 5350
2580 530
922 4552
252 6882
539 3875
878 6656
2304 1497
730 4190
3650 188
1849 6912
3553 2994
2648 3505
6494 3293
3477 3258
284 2909
4261 1086
672 5536
5786 595
3330 209
6643 6224
1329 3565
1643 6191
5950 6859
4851 2996
3089 2375
4182 4894
3779 1592
1296 5961
6618 2750
2280 2931
5400 1025
2084 5603
1643 1646
3737 525
4572 3047
5637 3659
65 2486
3702 357
5228 3387
662 782
5401 2834
4069 6931
4963 3093
424 6114
3017 4920
2946 4788
2043 604
3651 2735
3301 5254
3708 283
510 1304
664 5333
6551 1631
5784 6691
4814 1782
4454 5839
5722 2380
5050 6837
915 5667
6382 550
89 5721
1968 4210
170 4265
2313 1011
3446 2498
3404 1044
6235 4447
2269 2640
911 2484
5521 1871
4033 4353
322 4661
1944 6389
1313 1030
1400 5897
2131 3851
4462 4602
4897 2302
1688 2919
3768 963
5827 4995
438 5569
2095 999
2811 6715
4 2442
6950 2185
1615 1409
1753 5815
3818 1530
2996 5780
2956 6724
6645 2222
5746 6003
206 6339
1724 1215
138 6000
2183 1704
3553 723
852 5253
2333 3220
3471 3348
6546 5692
172 3121
940 869
2308 2052
3206 4336
3708 5467
5271 617
4931 6688
3442 6091
2213 660
2526 4892
2415 5744
342 1743
2652 6229
2650 232
5467 5164
2469 6553
869 797
3935 1896
3904 963
5075 3594
6941 4227
6893 4478
4585 2361
448 220
2644 377
4356 3895
6791 2048
798 5820
6097 5716
3961 1401
6855 2556
1751 5118
797 6695
3468 4582
727 6774
2007 1419
3560 3322
6096 1113
6067 4421
1155 952
4844 248
1007 3015
5444 2443
5327 5763
6866 5230
6726 3122
3212 4797
1602 5480
1122 4124
3409 5394
4642 950
1120 2831
2565 5711
6537 2396
698 6388
3616 6857
3478 6433
3121 1718
600 5251
3268 2260
1949 4867
4148 3354
2846 6915
1374 1537
3905 5943
6522 4962
4225 6817
2698 3625
2167 3974
6223 6377
1693 4222
6124 5070
1071 2122
3736 1862
6643 4760
2794 5314
3765 5172
5642 6668
4444 2804
2027 6056
5831 2380
479 4347
5929 734
5300 6853
4023 4444
994 3064
6960 92
4872 3647
1799 6059
3358 4608
4092 1326
6865 1121
6554 93
4855 332
2534 4182
6332 5565
5529 1474
43 204
6159 2627
5174 3620
5453 6861
350 681
1593 4015
6623 2192
6383 1621
3377 854
2502 2150
6986 258
4067 674
6248 154
4969 6982
6414 5055
3234 5197
337 2887
6830 5182
5780 1787
4048 5803
4006 5963
5446 1042
6809 2521
2398 6411
4797 2537
2753 6521
4090 1635
1553 4914
3549 246
6478 4702
67 2132
5184 2407
6333 1902
5135 5488
1574 6382
1615 4318
3440 1420
265 4037
6518 522
3530 3314
5598 287
5944 1233
1404 2496
4547 2508
3427 4935
5114 6599
3968 4872
4040 5765
1196 869
1560 1551
6058 1369
6905 2358
4570 5887
2618 4969
641 4658
4341 2539
5417 4033
5402 2363
5440 4885
3907 879
1841 772
976 4668
5252 1737
3411 252
4501 4805
2097 2602
61 6854
5660 4780
1696 1509
2275 5563
2062 6538
5762 2848
3465 2397
6456 6273
3926 5065
1112 6750
3940 2116
1838 2942
4068 5765
5317 4726
6725 1450
11 527
6916 4296
1109 3641
6992 5749
6974 3971
6834 1870
6716 1300
1204 4223
1697 6398
862 4976
2148 3214
327 5796
2023 5003
4269 1042
5520 4652
711 2689
402 165
467 5251
6328 937
5125 6657
3253 3307
3989 4148
370 4097
4872 5271
4694 1882
2323 1481
3878 2599
392 285
4815 6236
63 1153
2367 5334
1965 6231
684 3410
913 3701
3460 5247
2418 5293
5961 4198
6785 1931
1111 1197
3225 1205
417 6428
6272 5291
5334 1704
3383 2290
2177 2065
5290 6116
5184 186
1781 4723
6427 735
99 2385
4370 1100
3630 5137
2700 2120
189 522
944 914
5975 4611
4950 1033
1156 5273
6722 708
3364 718
3605 6810
5954 5298
273 5823
5966 5131
6027 2693
6365 3988
6425 2586
3496 3127
2099 890
609 5740
1355 124
1972 1701
1156 3779
2386 3724
3226 1166
5233 4354
5828 1992
1085 6997
4613 2183
4385 2624
6967 3715
4872 5767
3914 5058
471 5842
6504 276
1422 5130
6733 1245
5580 1679
3718 2020
1811 1521
37 1073
5807 1379
6522 4331
4748 3350
326 725
4562 1322
3828 5326
2569 2054
1933 2316
5108 6277
1097 1005
5297 1924
3294 72
5361 224
5961 156
2843 6277
2627 6023
2250 2677
2230 4395
5524 5384
5918 1208
6823 281
2888 6998
6571 2470
6399 4039
1062 2681
5948 3875
6748 553
3172 216
3253 914
2370 3532
853 5593
2981 1204
910 2631
2301 2488
5672 142
1229 1229
6793 5112
1137 387
5836 6779
707 2080
2826 4185
4469 4960
3526 3396
2971 2830
5726 6199
2844 6358
1909 4680
6520 4091
4438 2336
905 38
1828 6387
39 3291
4456 3854
5897 1776
4696 5192
563 6964
4831 6726
6234 25
2250 4815
6192 3516
1496 6695
5215 5306
1171 4775
4274 1069
3992 6712
2739 5304
2352 3678
6683 5579
1852 3780
2250 883
2170 2319
5545 3131
822 3305
6944 2945
1284 613
3740 6561
5668 4493
1345 2039
4831 1296
1999 5934
3410 2081
6832 3722
919 4137
471 4208
5781 4381
3672 6256
770 1293
5569 3451
6183 1108
4035 4513
2142 3698
1515 2619
81 2002
2196 3268
4059 5539
6608 3479
6601 883
5226 1810
3540 3928
6687 2458
2799 5440
2180 1354
6657 5474
6300 6894
1619 5320
739 2944
2823 3173
5738 957
4245 2475
6735 4868
6687 1565
6094 933
1339 4130
5386 663
6546 3463
3363 1881
1758 231
6496 1212
4355 4999
6495 3223
1062 3570
6708 501
6408 4801
5448 1448
6914 3900
3096 2023
2823 6478
2949 6407
81 402
4121 2261
2640 231
749 5682
3836 6416
5016 2888
1018 3851
1278 3863
1280 6303
61 3816
3287 4540
6897 3336
358 4324
4342 5619
1151 3714
5144 2325
2371 5460
523 6245
1566 2197
557 2234
2189 973
1757 2330
2419 448
4231 2836
4527 1399
5692 5165
3209 4621
2666 4736
3328 2371
6593 827
2213 6135
1132 1173
3363 1764
5564 2295
3983 2287
2052 4243
2345 6589
5449 2415
5791 2177
4736 4873
5510 3541
6462 3654
2567 544
6486 4479
2376 3765
1374 4820
6746 5254
5726 1141
2560 4962
3535 24
4450 4139
3000 4081
4890 2003
526 6726
2519 2140
2136 3352
2574 1457
1915 4576
4737 616
1232 2020
3109 190
6055 6061
1748 1406
1529 311
1179 4053
552 3645
1921 3218
1519 1416
5957 1412
5184 6348
6196 4176
1036 4243
5266 6367
1149 6516
6308 3787
959 3187
2537 4557
5671 6286
6117 4115
6699 2179
6089 5675
6244 1787
498 4062
5002 3163
2171 5843
5207 6691
26 2095
1813 1414
4815 3346
5665 4608
3653 2633
577 6512
640 6090
5933 1064
2388 703
2144 3738
1273 4553
1093 5601
1347 4317
5581 5625
6885 1478
1936 1038
4029 6673
131 662
5660 2297
3585 6605
52 1408
6038 1826
1322 453
6319 337
5545 2029
6822 1824
631 1868
4745 2667
2298 699
3803 1315
5187 946
1097 397
1570 4822
1547 479
117 545
1802 5567
4227 3408
5564 2576
457 2003
5373 1834
1958 226
4976 4736
5973 4644
2744 5852
1663 6533
4345 1845
4557 1503
6372 2726
5916 4535
4688 5652
4591 974
6458 5126
3505 2918
1373 3425
903 1290
2358 3443
6149 2361
1772 6785
1874 6381
5493 6960
6068 1481
1268 4306
318 5421
1171 3263
3845 5590
3907 5758
4452 3975
5377 3749
1696 2195
953 5188
3234 3201
1507 2534
3965 2172
245 5734
569 6919
5996 6664
4312 2490
3259 2863
5047 4815
6755 6093
157 863
5733 6616
422 557
4773 2992
3794 5175
2129 6148
6851 5391
1302 1020
5362 735
3404 2095
2356 856
6282 6565
3424 5366
5898 4735
6873 3729
4460 2138
4067 69
6103 6326
251 6059
3721 1766
452 6471
2461 6315
1700 1820
6893 3286
5912 1078
1755 3746
442 6025
3697 1450
864 1884
2541 6240
3892 6777
1914 3626
2816 482
2064 5665
1227 4112
6173 5743
1779 1754
3716 3101
6613 6281
1586 5258
6075 3343
2699 3448
713 756
4059 4904
4913 492
2986 3296
2993 6403
6825 670
6136 4777
6635 5032
4078 477
913 5908
1269 6539
6249 1175
5605 288
1602 3770
1252 2352
2079 2706
1754 3404
6871 1991
3377 6548
4968 4846
1863 5142
5378 1650
3292 5115
2175 5886
6180 5579
1032 3375
6600 6040
5834 2126
3483 3646
906 2626
1608 6846
3877 434
5350 6344
382 5684
4172 1231
3029 1118
1353 3780
5493 6890
4426 4174
93 3230
6889 127
5767 1793
3141 4121
4377 2138
6268 4055
6241 6229
4113 6890
1397 394
5194 1744
1358 3385
6156 5884
2697 5557
499 2796
3929 3043
6933 5647
868 1651
3363 4704
1229 3813
6447 2542
6149 4871
4256 3364
928 4797
1061 5863
3300 5627
2250 3645
1271 6101
4723 5842
917 2627
2215 6830
2269 1123
3021 5117
2739 6486
5929 2090
3035 3912
6826 320
4166 4533
2679 6583
188 2835
4438 5829
4294 6221
1498 4940
6794 1014
3102 6805
2849 2418
6445 2145
1549 6076
2954 6695
1547 3663
2160 6320
5110 4854
2109 1308
2410 4567
1639 2469
4385 1658
2399 5677
6768 6427
577 4984
2465 2514
4597 1918
6879 5688
1792 1119
6194 6371
3591 6376
1015 3503
419 3605
629 4264
6016 5187
4426 3906
5029 259
3349 5994
2834 6849
1952 2299
2511 2482
94 6949
3402 916
5703 681
6405 5505
403 3287
3150 4865
2051 716
4527 4187
6889 4851
1773 1063
6698 315
2499 4398
684 5737
261 2944
6384 3611
4818 3627
2203 6746
430 1583
4573 389
5988 4381
1196 5739
6157 141
5236 506
167 493
5948 2510
4299 1693
4524 5658
3592 3941
3289 975
4261 5138
2226 4780
6385 3061
136 637
5618 1386
3140 6661
2121 5194
1189 6869
5978 1430
4499 302
5688 18
4356 3349
631 5056
3469 4545
3285 5578
3173 5852
3143 4861
6832 3131
4035 6028
509 4255
5506 2800
1064 4153
6335 5255
3048 5703
6433 2379
8 2912
1395 3931
2644 6928
3851 1396
802 6234
3636 1159
5391 4689
1678 2703
5862 4185
3358 1657
5411 6354
2289 1563
3992 5064
2532 1470
4238 6538
150 2379
290 3298
2238 820
489 5172
613 437
3239 2566
6030 4215
6720 3930
6848 2875
2368 6454
5931 5062
6028 1420
3307 3326
2909 2183
5849 2354
6908 6915
6336 4350
6695 6287
129 3013
4671 5144
3524 3924
3555 5061
3131 6458
6194 2296
5496 2274
3642 4764
1013 4103
2940 2479
4127 3587
1547 1889
4094 5835
5763 1173
3786 6542
6127 2943
930 2167
2257 707
15 6620
4188 5701
6086 1024
5825 3653
6661 2221
2178 6644
5704 1685
2947 5159
2498 5253
1165 489
370 3794
2244 5869
6746 2213
3897 3831
2995 6641
4076 2624
4152 1393
471 84
2199 4356
2917 4157
1825 6568
367 3816
2238 798
6210 2613
2091 4661
4867 3442
911 3043
4630 1208
3844 6871
672 5406
4225 5911
1045 3163
4083 5450
1192 6677
3043 4970
4123 959
4793 4758
4596 5462
1085 5162
4869 3989
790 6341
2021 5909
466 1547
5498 2924
23 2841
5721 6596
5791 6034
19 4258
6143 5736
6952 4349
2133 6054
6218 3483
2142 2583
937 1662
4030 433
4227 2242
1303 4800
1263 811
5052 4357
4461 6758
5474 3968
3879 4120
1721 2741
6238 4888
1769 4133
2374 5293
2870 5800
1 1504
4821 5704
6648 3081
309 5860
6735 2709
3242 6302
6817 2476
4836 2824
2980 2156
4145 1204
3852 5152
278 2030
649 2364
1583 5464
60 1444
39 6188
2061 845
6175 6521
1235 2113
5545 3737
5420 2670
2539 5739
1252 3152
6585 3097
4496 2120
523 6780
6792 2633
439 5963
6447 5572
4550 1254
1371 5898
2718 4304
298 3283
1965 2703
1574 5366
691 4500
3869 412
2330 3564
5071 5423
980 4306
2360 4315
2988 659
1767 5129
6655 6319
6082 4112
3826 4033
3334 1173
1998 3940
4436 4700
3036 3552
2012 5220
5519 2071
3889 5731
2254 205
1889 6047
4761 3028
560 4037
96 3264
938 5832
1362 4925
1221 464
4712 4822
5669 2133
2065 3541
1940 5865
5904 3482
5403 2458
4750 4605
5375 1044
4566 1953
2141 555
5752 6693
234 3033
1025 3016
916 3430
1931 2608
922 154
4601 4410
1373 867
6329 2239
3487 4594
5677 6085
1652 6895
4646 5475
5405 3217
2911 5880
1209 2786
5253 3676
394 3315
6319 4602
908 6939
2471 110
55 1328
3695 4749
4672 3650
5038 6312
6601 6676
2946 6196
4199 3765
2242 875
4060 1019
5429 4090
516 5886
1419 4563
4402 5298
4735 396
3201 1122
1834 98
4151 1801
633 1867
527 3071
6628 1473
5266 1662
5836 4071
909 434
2540 4664
6255 985
4140 1598
1131 3986
2 131
6657 4992
2939 12
4604 4569
5915 5115
4286 3426
6790 4613
6378 5792
6858 5001
4781 4066
4606 1824
1234 846
5041 405
2951 5381
1715 1305
1705 6982
4797 665
750 3130
6338 4049
971 694
5183 6226
806 5870
192 4584
6026 5554
766 987
4467 3989
5640 888
3155 5590
5100 4519
5873 1691
6443 3625
5750 2868
3321 1428
3202 149
5849 2738
3582 855
1765 4890
672 1079
4053 33
278 1359
2536 501
3277 1809
3478 3036
5621 3483
1634 3197
839 6001
4809 6039
4046 1712
6563 4555
2826 2683
5687 4304
3104 6000
3321 1624
5456 6929
142 3635
259 4502
5517 5186
891 3925
752 2198
761 4997
5855 1158
5150 6267
2527 5743
3625 510
188 1798
6482 1490
3500 237
5034 3817
4518 6759
5189 804
2324 551
5463 1818
975 6302
3225 4934
4651 483
2479 393
2928 2095
4726 6878
958 4390
6379 483
461 6378
6482 2277
872 2165
5492 3667
4694 4868
4164 5826
923 3887
123 744
6657 3984
5016 183
3078 3706
5272 6794
2018 1071
3826 1230
4940 2465
183 2709
5787 4561
2931 2148
549 6470
5590 762
2543 3206
6366 5930
4746 6036
4608 2544
6705 4497
4535 824
1912 1386
412 4270
5495 993
3096 4004
5190 5559
3935 793
3052 2710
1547 4052
5220 3347
1394 509
3789 6726
2352 3458
1574 995
5972 1313
5546 70
6541 3590
6581 1142
964 170
5572 6878
6693 3821
1088 839
2714 6484
5247 6112
3786 874
3570 2222
5425 6336
6780 4033
2774 6454
93 1378
5415 5136
6526 5869
2403 6813
441 5278
6406 3282
6950 4393
1309 185
3370 4404
6009 4716
4230 6467
1088 5685
6998 4678
3303 4962
1941 484
3504 5386
5402 4174
231 4956
4047 3410
3901 1349
2965 3419
5090 2874
5868 3325
644 2777
3841 3086
5370 6992
6235 2550
4995 920
5777 681
1260 5002
3562 5136
5868 1075
6388 607
1159 3238
5654 4314
1380 7
4072 1018
923 990
4931 4177
1496 5402
2761 1207
2064 3323
1564 6713
1653 2766
3717 6799
5724 6969
6668 3900
720 6815
644 4462
2760 1353
761 4293
6726 1910
6823 3942
1256 5916
2604 4811
6621 3338
158 4427
3116 1140
396 2624
218 4608
1222 2120
4949 6746
6247 581
5969 5030
3722 193
3610 2090
477 6668
6909 6881
338 381
3610 1572
6440 1744
5060 3506
2255 4901
5362 6480
4931 5661
3817 3616
6421 5047
316 6478
5853 4265
3667 1038
1275 5509
4973 2701
6246 5470
395 1700
6038 4478
409 3218
416 4106
2937 6798
6216 4038
3381 2838
6511 3747
6351 3356
6114 172
4194 4429
6770 1298
2428 380
5333 536
4771 5071
5051 5218
4863 6236
1415 5208
2551 3243
4051 3888
1835 2299
2406 2565
3969 3188
5379 1294
6976 2589
3027 3033
2378 5092
4951 4850
304 5055
5128 2725
2840 6405
1695 2310
6681 5955
2070 3824
806 1700
4106 4607
3720 1851
3040 815
649 1280
6092 41
157 5840
6830 4742
1248 6230
5632 2136
154 5063
416 6524
1196 3747
1541 2822
3691 1793
495 1842
2838 6197
6354 124
1882 1951
2532 5496
4588 4563
2112 3963
2577 6116
1589 4888
6338 5953
5530 1838
2340 141
4657 3118
1095 192
4649 2538
4752 1262
2099 2946
5787 1534
2641 2846
4295 1224
2177 6752
1905 2236
2553 5519
2017 5513
6906 2714
552 6111
4199 4873
852 4671
2216 4039
1243 6994
1261 6171
6964 5998
3405 2817
2424 3486
1070 5523
5121 331
2710 6394
68 4963
743 5625
6373 3743
2527 4274
2206 6949
407 3206
3956 4756
538 6473
1392 4623
3190 2773
2111 5540
6930 312
4981 6981
3203 5247
1055 5201
5668 5486
2486 5582
6915 1668
2900 4092
5778 5103
3755 5143
3152 1679
3590 4463
5754 841
6030 1271
1368 1004
5054 1083
3850 4529
5948 3317
6135 5062
6029 378
258 6537
2937 6858
4620 5825
1774 2835
4914 4122
5713 4676
1467 2243
4769 298
5403 81
3286 3916
1521 3879
1153 1710
382 2902
5601 2885
1334 3603
5302 6390
3654 2554
4711 5660
4899 6686
716 4125
6407 5996
6978 1848
3287 3655
914 5428
4278 2916
4106 1595
5291 1029
2262 597
1021 818
3085 2918
5564 3917
3475 1103
236 1160
1544 4335
2960 6356
6054 3179
4781 1537
5669 3212
2386 2305
2538 25
2239 164
6756 5078
353 5259
3376 2080
4468 2485
4118 937
760 5154
4523 6774
5684 3035
3206 6628
1337 750
4020 251
2238 2012
5025 4918
107 3635
4956 2230
4406 3825
4467 611
4830 4044
5986 2447
6164 6307
6913 5765
2281 1974
3086 953
3069 4066
2056 1400
2024 1772
5432 1723
2297 5387
4932 5454
4424 1558
3149 1486
2406 929
5892 4108
576 6839
594 2056
2777 3805
1476 951
5650 2936
418 3726
4915 1067
288 548
1394 6609
3780 6857
5194 6424
2497 4510
5548 2198
715 221
1697 2629
2315 6321
3700 3042
5217 4472
3822 1673
4738 5056
4318 1437
4764 6586
5686 2059
4218 1184
6002 44
170 4384
1156 3182
3360 4738
4975 1694
5669 1407
476 5256
3795 4183
3650 6501
2740 155
837 6167
5559 3907
387 2146
1957 5511
6958 1810
3051 1758
4458 1704
813 245
1149 1622
4403 2676
3672 4463
4738 1595
3650 525
4258 480
1867 731
290 2617
3047 2897
5942 4701
6122 5099
4649 175
4707 4857
4927 103
789 343
6868 1113
2636 88
5230 458
3205 5530
4794 381
1569 364
3646 2360
5839 5274
6241 2809
3219 2372
1126 6981
2069 3043
5783 2544
1135 4118
426 3650
6326 4364
6761 5784
3687 5458
4339 833
5735 3893
4408 2448
3249 2576
3784 3004
1852 6050
4937 4334
3597 3135
3031 3568
3752 2023
4294 525
3873 1537
2263 5887
5700 6199
242 3118
1980 5751
5615 2658
3011 2009
2437 132
5338 5877
5626 177
925 484
1245 3821
1647 4228
6690 6117
5241 2441
6920 3280
6224 1531
4473 2966
3293 4284
820 3460
6018 6115
1521 4122
939 1974
5139 541
280 1776
3914 6055
4884 4480
5791 3789
1028 2380
5670 5541
5677 6072
5736 5774
1984 4994
1917 3018
5041 6133
3188 5506
882 3738
2864 4214
1319 3744
728 6158
5156 1138
2346 1702
1778 2570
1189 6133
5153 832
118 498
2458 1054
6701 1973
5386 2574
5950 6929
4256 921
5934 3157
2045 1489
5909 6369
322 4109
1189 3230
1451 2728
5261 5659
5345 818
2706 2542
5446 328
1502 5670
2891 6181
5882 5279
6217 4772
6134 3602
5770 5370
1631 5135
4105 6435
5107 1960
6652 6735
3832 871
810 3659
4734 6482
2884 2502
2459 732
1961 1170
6477 6373
2590 6744
762 2064
3488 1844
498 5562
5446 2805
3363 1639
4710 5573
743 5658
4037 1345
6248 2110
2412 6731
1426 2073
383 4003
1123 5890
3528 6613
464 2046
3106 370
4612 2099
430 4414
6271 3231
4724 3554
3836 728
2039 1252
3619 6965
2434 3525
3122 3179
2369 845
1825 6404
2975 3324
1183 872
902 6841
5373 3
6633 4190
1876 2747
4122 5085
3524 6205
1705 5902
5655 3180
3640 5624
4061 4081
2629 6972
5113 4836
6985 5932
3477 3577
2822 6296
2396 5247
544 6883
3672 4871
592 6666
6883 3974
5511 5443
2688 445
2869 556
6267 1747
836 12
1590 4727
4781 188
2552 3449
2345 649
2220 6265
1423 1029
86 6979
6609 1686
585 5733
1589 5862
5943 5969
2096 3702
1313 2493
761 2846
538 2755
622 2221
4400 2488
1473 827
622 2133
3738 2520
5075 1080
3691 3009
6710 4756
6762 367
6824 2284
1088 5680
640 5378
6198 2630
669 6713
846 1090
2606 1286
5073 3558
2748 4063
5048 6540
6746 227
1925 6852
2589 2938
2040 2577
3537 6509
4380 15
2370 2336
4051 424
1299 3096
2487 2703
511 4495
6185 4841
6320 4430
3141 4075
811 4490
3634 4943
4352 1526
5465 885
2622 131
2871 6738
5032 5277
4285 4592
6862 5524
6386 4524
967 6043
1760 97
4869 3864
1912 6710
1186 3455
4350 2552
6561 1972
3536 4458
4917 4166
1137 270
6652 26
565 3374
4505 878
1776 6400
5856 382
3501 2959
4695 4476
6538 6329
4987 4038
2469 1134
3363 5691
1017 682
165 6607
5266 566
5969 2113
5818 6670
6311 5143
3003 3298
3802 1623
2171 2864
4357 4441
6090 3112
1962 4240
6183 4073
1184 4833
5257 4922
6991 5421
5462 6267
2990 542
6881 5514
5175 4803
4761 5025
3201 1567
2850 2191
1226 2738
1474 1405
3593 5114
1455 3712
3939 22
412 1955
3485 101
2131 4903
4152 2452
3740 6676
700 3517
2014 6316
2713 327
112 4726
2832 3988
2404 6283
3793 4531
203 6481
4316 828
5595 1711
212 516
1476 5681
5720 4837
1300 4596
533 40
2838 6147
2066 2178
2209 1393
3932 3595
3496 2977
5059 5564
4769 1498
6339 2973
5251 1760
4546 5540
3551 1194
793 3793
3416 3681
6599 5799
1445 199
2078 4574
5767 3718
1126 6563
2169 6254
2855 6706
5058 5578
3355 879
4499 4243
988 955
6210 6227
6070 575
5601 3073
4824 4396
5342 328
6122 733
3005 3803
4703 115
2381 2764
2526 523
6431 2443
5607 6836
3860 1544
4144 1210
363 6741
4919 2788
1868 2681
5926 3511
2271 1485
517 3595
2955 763
2009 2412
6598 6784
6514 6835
629 6906
1526 1224
2363 1588
248 6076
6836 909
2857 548
5574 3893
6619 2615
1553 4714
3646 327
3845 4417
4953 2771
4140 4187
5925 4492
6132 3294
3956 5963
486 2664
1820 3462
3816 6780
4343 1084
6324 5094
4732 5410
3592 2059
6627 1573
6532 3702
3035 3400
1649 426
3438 5400
6716 5242
4543 2214
1420 3462
6313 2700
570 2737
3954 2783
196 5536
1454 6555
2931 5475
6327 849
1607 2761
3915 1914
6210 4598
5727 6354
5350 6232
5214 6886
1540 1902
5620 4126
3502 2973
3898 119
2270 740
5193 6245
4025 1264
6144 2620
2529 337
6916 939
5124 5162
6696 2533
5872 584
72 6822
3037 2426
3077 6377
5445 1772
54 5768
6528 4600
1296 1219
3415 883
1014 4448
3559 2566
3579 5930
2397 2726
4674 1748
4849 3553
325 4567
1144 6909
2923 964
4045 1345
130 222
1343 4941
1915 5905
1560 6747
6631 3929
3631 3877
1072 3365
1330 891
3835 407
739 6553
1636 3185
3632 5260
2607 1695
3732 244
5641 5073
5221 6263
4062 1941
5355 5163
1130 5295
1643 6756
4360 6313
2564 3986
3632 6763
6092 5777
3154 2220
1613 3351
5953 5141
242 3984
4538 6839
6785 4610
3013 6857
2351 6412
3865 4858
1755 1283
4248 4650
740 190
2711 5229
5871 3522
3142 6349
4639 4065
6361 3236
1560 1503
2963 3341
1229 4770
6097 988
6802 506
4506 2607
2899 1979
3933 918
1955 2202
5869 4394
1698 5208
2887 6652
4999 1611
4883 3659
2607 2219
5256 1839
388 2170
6327 2062
4578 5704
1246 4096
2806 2778
305 4174
4441 1877
5258 6858
5432 6445
1984 1469
4730 3410
418 5311
4367 3302
4968 5049
6074 6826
1018 4178
4262 2872
4688 6159
5145 5756
1119 5708
5150 5421
6214 941
663 5849
5252 4785
1713 4688
3022 6416
513 238
1311 6306
6781 5717
3452 6330
6216 6488
2962 4980
1720 6943
3775 6484
5806 3166
5230 2108
652 5830
2134 4518
2845 771
3964 3778
1508 6521
618 2124
5106 247
1847 4802
5101 2698
3712 4156
2302 6628
5796 1180
5178 406
2874 2099
122 6626
3832 215
943 3947
2443 2429
2886 1169
1870 4362
5562 6986
105 5324
1495 1340
4833 1103
3396 6781
5889 5668
900 5580
5176 4056
2172 3025
270 3820
5541 954
5339 2172
4894 5458
476 260
3758 5205
1962 1443
5252 536
3882 5750
6383 3415
174 2326
6981 4985
6729 1136
6661 1727
6395 2331
4449 4796
1833 4451
2581 4969
1941 4873
4546 214
4777 1949
2520 1526
414 4383
1899 4068
4872 4790
2532 469
5103 4707
143 4259
6085 4632
1540 4492
2431 2225
4476 3046
6166 3145
6344 4648
1178 6602
5999 5219
1000 6894
144 2510
6385 3570
4755 3054
569 588
3768 2938
5779 5808
3252 581
4077 6572
5742 5760
3529 6530
6551 1365
1786 5360
4910 2001
6496 3980
2280 165
2600 3367
554 4694
695 570
1313 3246
1308 5318
72 1405
1980 2940
1389 238
813 180
6026 1366
1911 3019
5143 2314
2378 5744
4704 2059
6984 2449
3642 5518
3695 5522
1857 4453
5978 1068
1956 6087
704 4154
2925 4881
4447 4583
3632 2945
6824 4919
5052 10
4639 5922
4224 6479
164 5437
1483 3460
1549 5519
3061 776
331 2723
5978 1316
2443 3863
2333 3876
69 6219
3528 690
4794 80
1026 5782
1698 4070
408 3312
1537 393
973 1046
5375 3936
2790 5716
1136 2836
6886 65
2987 5847
5513 6774
2767 6191
1037 4569
2473 2144
1527 6924
1386 403
5745 2810
4029 918
4468 6875
2366 419
2781 3467
2802 972
3189 183
2853 6914
2239 5409
5713 2386
3237 839
3615 4708
2691 379
4895 58
2392 1737
4604 5872
2620 5188
5925 3918
6610 5983
4175 3919
6014 71
6335 1301
348 2985
464 1869
6267 965
4459 4369
274 5179
6742 1209
1372 2514
2877 1362
4398 6236
5332 5286
6666 5852
2267 2895
1985 4439
1449 377
2012 5953
1740 4795
355 4176
4718 5869
6452 3543
742 6460
2971 5611
1725 6707
6885 1518
2516 6975
3402 4049
599 5117
2932 6650
6454 4859
1530 2976
2223 2174
508 5404
4181 16
2370 1618
2082 1966
311 1539
3158 6971
1186 2265
2357 3437
4103 6438
3820 2820
2604 6108
215 939
2893 5302
1620 2565
1691 3392
5828 3679
1489 1255
1344 2348
2424 5308
2659 6666
5528 394
59 4350
2501 6151
2456 589
3074 5530
3399 6800
4023 330
1859 3391
2902 2314
4565 2789
2208 1540
2354 2477
558 5785
6803 223
5351 1117
4673 3661
40 544
2384 4234
6962 4233
6431 1606
5149 1980
1984 5222
6936 5177
63 755
2296 1894
3799 6857
4136 4224
945 4191
471 3005
668 3200
1135 6776
5066 3447
6048 5110
2513 4362
3226 1764
6476 4659
6590 5885
2975 1308
4486 3036
1102 382
2397 3542
109 6954
6453 283
4937 4083
1959 1707
6153 5921
286 4993
4419 737
6824 154
3094 5999
5817 778
2845 6101
365 6635
1486 6865
3906 4882
2187 2685
5785 1003
4547 736
247 2174
67 6234
4960 3928
4407 110
6304 2208
1605 56
814 4679
4869 944
5172 2326
3835 1379
3815 5902
2797 6546
4643 6448
4245 5848
5277 4981
1847 4105
1533 5022
2083 2677
3051 6317
6848 4859
3745 4704
4694 385
6403 2552
2187 6993
4054 2469
6350 6574
6872 1624
5252 5118
2569 1459
5508 141
1327 5560
567 2250
2196 3468
4548 689
295 1094
236 2252
5276 4927
5084 5705
199 2379
4577 5613
5902 517
160 4161
3177 6576
2919 516
2011 6087
232 6206
5450 517
6089 238
5436 26
675 826
5226 5280
6885 869
6617 6719
3158 5892
3978 1492
1813 402
53 5768
2883 5970
1755 6240
4094 6431
2989 1880
707 1542
5829 523
1748 1052
1747 887
2081 6087
3233 3560
3287 37
6447 2431
1594 1368
86 1692
5463 3755
1202 6406
844 4602
832 6702
977 5776
4381 5644
4851 2013
4411 2152
2872 1913
2469 2100
4797 5906
2871 3426
6663 6419
370 1914
4980 3978
1010 2921
3799 6801
3717 4030
4374 3966
4784 1113
417 5754
1407 2022
3972 3802
3870 4081
370 2530
4426 3747
4568 5965
2555 2274
5819 6037
221 3380
1399 3802
5448 1275
918 136
6980 1201
4694 6659
1509 391
4785 1239
6504 5996
2483 5813
2291 6878
2691 133
5172 5382
2887 1376
2599 2662
971 5820
3397 3345
69 6136
6112 2053
6768 1965
5937 6649
348 3461
3651 1078
2586 5731
6752 535
258 3469
5881 4708
1768 559
4060 1020
5326 365
2737 1951
3116 5589
1541 6804
5967 2710
380 3311
1809 1654
3497 2624
2461 5881
2682 1016
5888 3220
4881 3762
16 3278
4046 6552
5815 1470
2983 3849
1962 5096
137 6145
5941 6464
1805 2162
2436 778
6508 2676
5679 186
6521 6060
620 5509
1310 4409
4655 759
2991 3334
5944 6797
5941 3057
6021 4654
2377 4949
1179 5956
5915 6350
4095 3588
5622 607
3408 4107
6676 1962
5570 1882
3205 1059
3919 4419
860 3615
3663 902
5322 3410
6918 2659
4122 2244
4681 6485
3080 3588
6029 3473
5633 6701
6470 2960
833 5789
2177 1329
201 579
2010 4261
2466 6810
5217 6562
6260 1395
5536 5009
4834 3468
5518 546
879 2245
4060 2278
2440 2540
5794 167
3190 1872
5609 5929
2138 2034
5117 2849
4124 1007
4427 2245
511 2329
5574 1771
2952 3558
6780 2502
6469 1946
3827 5184
2334 4007
2437 6505
446 2413
482 233
49 4673
514 5464
6063 4399
3627 1393
5235 4936
441 757
1846 1239
635 1601
77 5501
6412 1704
5044 3595
248 6229
5955 1799
2663 1240
5144 6102
1318 3592
3538 4447
4158 3086
5181 584
1006 1819
6532 5726
381 3186
4320 1448
1901 569
4459 2603
810 5466
1818 4693
3871 5376
5589 5816
4996 4528
3279 6308
6365 30
2050 4398
2025 6049
421 5686
6682 5035
4972 5771
6658 1848
4325 30
3513 1970
1195 1917
5885 2427
2390 5513
5641 5116
6827 2195
3816 1180
715 1379
5227 1691
4789 2630
6880 3008
4124 2089
6009 5782
5616 3230
157 5567
505 5949
4419 5825
6141 1792
5514 4044
1848 3261
66 5153
5037 3846
1373 5398
3921 1102
6944 3377
187 1879
4406 3791
6938 4590
3809 3502
2634 3253
6789 379
6612 2979
5403 2094
605 548
3026 2034
5835 549
175 6074
14 6741
1454 6833
6802 6277
6423 4163
691 3621
4625 4464
4857 2165
953 5926
4726 3076
5896 2945
2271 6990
5742 2443
6645 1421
1981 456
6440 4004
1746 5512
4385 1577
1807 560
26 4994
5908 138
2507 3549
282 4977
2049 3074
4372 5481
6880 1645
4431 1486
3511 5817
3330 2776
2439 497
693 6839
2040 6812
1824 1017
297 713
4558 4612
5481 92
324 970
185 831
2360 1397
4677 6598
2889 6364
2684 4886
2766 2224
5598 4469
770 5995
6092 2029
1556 1510
5743 3032
5025 6676
2851 2011
4510 303
5415 4663
4517 1985
3605 4239
769 719
779 2703
6900 6804
5612 666
2228 1343
1107 2816
6706 3033
1490 509
3410 1149
2492 5695
5223 4170
558 3176
2743 392
4172 3714
2970 4688
5332 2181
1209 6173
2410 4034
3564 5277
6330 2306
1905 3411
4468 5548
2612 2623
3432 467
511 4945
2361 758
2610 3586
1032 6151
5822 4507
6022 3185
5657 4287
3282 1055
6979 3756
6328 2547
2083 4796
5698 4960
289 6865
6815 4383
5577 6352
4327 5776
5925 3470
3512 2888
4245 246
79 2407
4231 2333
4339 1653
6032 5731
4379 6885
4042 1324
3831 1845
2123 1553
191 3761
5720 4242
3876 1760
5461 5581
1394 1322
4686 6592
4444 1410
203 4914
1581 1293
5382 1181
6655 6505
4004 2325
860 937
6336 2098
6850 3999
5764 2476
5947 1059
5850 144
5555 4455
4741 3559
4135 2120
4707 3851
2171 4537
4179 1475
6945 303
634 4624
5865 2844
1498 4378
4938 5004
4300 901
4081 2708
3691 1910
6279 2039
594 6902
4851 2525
3839 4814
5639 1251
4205 285
5991 665
1465 1376
3869 4593
2633 2852
3295 6634
5771 2995
943 5684
903 3572
2021 3750
3811 6518
3716 1281
443 416
3810 1328
4454 2563
3854 5474
898 6916
1406 1434
6578 6549
4422 4382
3857 4796
5587 5993
3802 5781
3993 3972
1218 953
4275 3721
5281 2527
5608 94
474 1919
6877 5412
3360 2478
1283 3564
1523 3303
5524 5032
5787 4026
2561 1665
3082 2579
4166 1701
6316 2610
5657 3419
6358 811
3441 5991
3727 2907
1236 5477
709 2589
6692 2183
1152 6542
3699 1377
4978 696
5773 1249
2063 6759
5280 4376
4672 1804
1501 1357
2704 5059
3386 5416
3392 2095
291 5698
4949 6751
892 2361
1153 2272
1843 6379
2124 1008
5310 81
4392 2111
2351 3235
1179 2583
3215 3948
6934 1315
3798 23
1428 321
3959 541
3368 6218
6802 4999
2423 1604
4559 6691
49 709
1365 1429
1885 1523
5912 4029
1616 157
3748 1149
1433 4400
907 6118
2812 2794
425 5861
5167 2812
3935 2271
3291 314
2 5652
5595 5914
5381 110
3555 3460
5007 1758
170 5996
4207 4341
4589 1272
6748 3983
1638 228
4743 859
2945 3741
4194 6444
1883 1868
2052 6968
57 4217
879 6227
1477 1950
6124 3541
3779 3990
5015 1334
1624 3642
4851 3287
4426 5453
5291 6815
571 5024
5716 1617
4788 4110
4981 861
883 6711
6684 158
2597 1384
299 4218
5956 6155
4096 3194
873 4385
6809 2205
6736 383
2313 1296
6914 3675
4467 3953
4535 2157
5619 6507
2667 854
6462 176
1505 648
5979 2162
4281 462
6105 5495
6553 5867
3304 2632
857 5244
1801 3889
1284 2538
2450 1478
6860 6076
3498 6528
405 2226
3113 797
1913 6536
3647 3767
1958 4276
990 1166
4322 5124
1443 6734
3359 1976
6373 4240
2557 5469
5034 1148
202 3671
1405 3527
3643 5518
6672 6220
6355 822
1573 1092
6206 5710
2860 6086
6503 3458
2035 3531
1535 1459
1968 5675
5105 5920
6713 6622
3467 1430
3537 6816
549 5412
6183 2575
3119 3725
1539 2869
1521 4856
3410 5002
4872 1898
5300 472
3288 5497
2662 5638
4452 2548
561 2220
6120 1036
5881 5476
2207 6213
1990 5574
1939 1406
4846 898
2078 48
3047 4774
5430 1470
1053 3370
2913 5967
483 4637
6608 6562
5111 4142
4977 5403
2294 723
3615 4758
6918 2566
2115 2718
707 5163
4672 1363
5203 326
2500 3711
5236 5291
1363 5336
4462 5963
3570 4915
595 1104
6203 3360
5114 6644
5891 6587
716 3653
449 3723
266 3167
3586 5304
1040 3288
4160 2972
4001 5920
2487 4757
169 596
6250 2084
2204 2818
5679 4922
1211 5143
6848 3452
5542 100
1329 4184
674 1129
4443 3367
3914 2888
3206 1966
276 1958
5924 750
844 2539
4606 1837
5900 6146
1614 5713
2528 1415
2419 6727
4513 2317
5910 5828
3279 6417
3702 2923
1219 2796
848 2756
4010 5742
924 1090
541 475
6573 1015
5825 6630
4933 2131
5494 173
6138 827
4708 1744
4550 2213
5174 4829
5344 5240
849 1216
5846 5538
3005 6695
1253 3587
279 5344
3813 2247
4741 2093
1154 3606
2981 985
198 274
500 4855
354 6081
698 2022
3922 5407
6007 5828
1051 4166
1059 3980
3961 1400
3417 1660
6702 6106
4225 3332
5299 5452
5270 5707
5558 4362
6685 6605
4321 2500
6499 1745
2058 5270
551 440
4265 5111
2776 5438
4879 2138
1616 6177
5612 824
3926 6943
5496 2223
1236 4037
3588 6543
1877 2430
1485 5950
600 3150
5107 3335
5587 3715
1569 3688
54 5873
3214 2976
6926 2512
4508 4281
602 3706
1053 4815
1789 2776
4113 6013
2894 3309
6142 2805
2134 4802
147 6777
638 199
2512 3379
6290 1755
4418 1040
10 3799
2499 5920
156 2348
1350 5784
6784 5725
2861 3652
1014 275
443 1261
1631 5785
5658 1963
3828 2450
3858 123
1200 6520
3143 1600
11 2231
3357 3810
6478 4359
1745 5631
4192 2736
3618 5921
4062 1960
2103 5803
5249 2688
5096 3664
794 801
2980 4562
2627 2638
6824 6231
6055 3218
4960 4953
431 5517
3599 5310
3953 3715
1101 5878
6289 5870
3437 2874
2137 5423
1001 5112
334 6423
1187 2138
4267 1653
2408 6233
2939 4019
5462 1722
3521 6361
1871 6906
6332 2828
4472 6500
3395 852
4397 2379
2970 545
4686 4193
3225 2505
2175 6075
6483 6832
386 6555
2710 1646
261 3551
3684 4815
41 898
3906 5519
2238 3147
4024 6752
4367 3061
3256 3272
852 2168
6812 5691
2319 5750
5753 4104
6216 5267
418 3120
60 3361
3468 2500
186 4259
5177 6811
5886 4111
1840 5790
337 2056
1455 3856
4658 69
4124 6420
4531 666
4620 3496
53 4745
6826 5874
1839 563
3796 653
6187 6725
4872 2619
4705 6984
3885 406
752 5698
4102 3572
3739 920
2205 3102
909 6582
4515 3602
1446 1645
3981 1587
3810 6883
6737 5175
5630 4459
932 6287
21 5071
915 6748
6159 4041
6045 3561
5794 5216
2041 6200
3287 4774
2740 6921
3649 6771
6790 2184
1338 286
3539 3951
4111 3154
3801 3095
694 4494
1628 6223
6941 6495
3040 3428
904 1653
5526 4881
4489 1
2059 5580
3327 4882
2207 5450
3676 3342
4376 1656
843 1688
4030 5692
2446 4160
1482 1110
4108 3615
2915 6502
753 4038
3263 3769
2451 3140
619 1354
2734 5938
4454 5747
497 6124
4004 2307
3311 2222
2039 20
2041 1785
6404 839
3509 2133
2452 4978
6179 6754
1664 5165
133 1914
3013 2636
6729 2613
3210 5897
4276 2075
5929 4356
5742 6300
1627 4766
4644 6935
4991 472
4476 5223
1745 1417
3221 3785
3738 4682
206 3803
121 1384
2619 3143
1180 6792
2511 6205
3137 2508
5753 5809
300 5535
4672 2123
6575 1904
1882 6275
6630 6890
736 6500
1062 2549
3579 4650
4163 6263
5884 3893
5838 765
3384 4031
1478 1286
2887 5628
3735 6854
5321 1475
2871 4068
3664 5155
1917 4272
1379 2233
1061 1303
4549 4868
6868 4551
1888 3021
6399 5262
4925 4735
1246 602
223 97
2294 4148
5264 1217
799 1970
1468 3326
1591 3066
6335 3125
4619 3649
5716 3071
454 2051
3673 5987
148 5896
6390 968
3749 6127
5997 4280
3972 2952
4299 4297
1844 6789
3277 3235
184 6807
1208 6697
5071 6665
4315 649
2960 2096
6348 86
404 1654
3425 1723
5448 3059
6557 2370
5178 2340
4832 6219
4197 741
1952 1149
2243 3203
3734 420
2132 2205
5195 962
6418 2286
1703 4009
3032 3021
687 4525
6412 5268
3976 2771
5221 2565
6036 2619
4697 2906
6379 4173
6825 2172
2976 2153
4408 4084
6217 4222
6812 1890
6573 2122
4928 6662
119 444
5145 3335
1617 753
1811 1407
3171 6411
1840 2193
2813 2276
2991 649
5811 4991
3005 3143
3744 5340
305 5141
4116 2888
6390 1122
4121 6012
2582 5188
6646 4585
4898 6330
6779 661
1684 4427
1990 6809
3590 4774
4704 1387
482 1141
3368 301
2265 1246
4422 5522
2676 3101
4238 5980
35 1905
2144 3958
2167 6803
6943 4081
6739 3448
3393 1376
6402 3492
6888 3329
2369 2139
488 6734
3998 2108
1189 2715
6981 3426
773 1044
3303 6806
1113 1776
5040 6821
397 2606
102 3769
5153 6297
5412 4071
4642 5636
2094 4899
6365 3840
899 4407
4430 1092
4778 878
191 2299
6703 5965
1447 4257
5862 6865
1312 2234
5131 5560
4280 2156
6455 5313
6163 3139
2330 6533
4678 5090
2388 3824
3717 5214
6301 5102
6267 6169
3137 4216
1927 6354
1474 5100
100 5149
1780 105
5602 2915
1286 1116
2492 6339
3660 4869
6020 2693
3266 3236
5772 3677
6092 361
5976 2994
4590 5819
527 640
2732 6104
5271 914
269 4054
2124 5995
5366 353
2165 903
4854 6709
2246 2515
3961 2091
604 1069
3735 6501
3922 2698
4101 2178
3546 6602
4129 6681
946 6008
921 291
5905 6567
109 4299
675 4409
6352 4854
279 6956
3589 3875
5772 1934
1184 693
2323 362
1884 1696
5154 146
754 1609
4671 6378
4910 4523
2966 1774
5080 4657
5798 4480
5459 3107
3672 1306
1689 2942
1959 4757
6652 3375
4199 6222
198 1410
5612 5272
6483 5166
606 3288
835 5257
2770 1639
1917 5731
5346 6822
538 2688
877 4452
6224 115
542 1195
4544 52
464 1790
4136 5640
1954 2244
1493 6054
6926 1068
6027 1698
532 2061
971 1659
6564 5332
2201 3452
1137 2491
1804 4470
6092 3315
5971 4013
5593 1139
6323 1927
1749 1882
3959 1821
2390 3544
3053 6082
711 6714
6745 6595
6570 3955
6323 2405
6228 1102
3723 1689
2005 5833
300 3402
5477 5453
1498 4537
4605 6803
351 4195
1633 3081
4733 1163
5725 391
1468 3300
6920 4383
4101 883
3712 3702
2956 548
5729 3447
4885 1851
6270 4069
3116 4322
4244 1554
2060 2092
5297 1252
3071 3500
2134 6383
1437 2185
5744 5464
5489 604
1221 4067
6427 4562
652 5150
3657 6955
1972 165
2261 1682
6116 962
2143 3827
1119 3167
155 715
5214 3703
4596 6715
4805 3408
5241 996
1963 100
931 118
3268 96
5574 2487
4514 4709
1282 6221
813 1822
6860 5809
1123 2617
1560 3467
6400 5804
4489 4689
174 1677
2189 138
930 4726
1657 357
5299 1572
1989 561
35 4398
6540 941
3961 5431
5027 4674
5972 1978
5872 4620
5600 675
2773 5325
4794 1047
2461 3599
5551 5993
2361 87
3387 4329
6793 627
3478 1896
5294 6690
6660 352
452 1161
716 91
1259 4469
6080 5066
3628 4803
388 179
6216 4421
3034 1477
6206 6465
5728 1753
3879 2241
2821 4730
5533 987
2733 3337
1892 1537
5138 529
5152 2178
2213 2126
3619 5879
1668 1038
5507 2938
6481 1938
4503 2049
4442 4577
1612 3527
5090 4546
1050 5275
5127 4269
611 6910
2945 6253
4834 6332
2351 6218
4876 2439
881 5799
4269 188
5363 140
2678 5488
3624 37
1557 4198
590 1918
4753 167
2605 2362
428 5859
5716 3305
4131 2178
4129 6518
523 1676
3769 3145
1053 4252
2505 5416
3909 5376
3898 5104
5732 2347
6337 1070
1976 2497
6255 6043
3090 2490
2776 6120
3993 5862
5066 1718
1240 669
3188 6936
2772 2497
4131 4230
2507 5304
3100 6427
3628 952
5221 4678
2710 893
1102 1594
3622 5849
6291 154
2170 3980
6302 5257
2928 3230
924 6099
79 3717
6645 3555
6389 4416
2960 5081
6214 4652
6422 3190
6794 5744
3836 2426
1618 2087
1919 4218
6310 4962
6128 6586
5221 514
5033 3584
4004 511
6109 2655
151 5756
1305 2283
4752 3748
5940 2807
2939 5233
3578 4260
1761 6552
669 537
3590 2706
3341 6616
3514 4162
1748 4451
1001 2612
5369 4926
4835 3642
5886 3384
2385 4908
2825 4909
5407 3002
4084 1081
3489 1694
1164 3889
1646 4540
2115 6559
5280 4290
5819 2617
2591 5009
4079 5118
5555 3979
6147 1360
2691 2881
4677 2773
5127 2820
612 2696
1530 6701
4094 5729
2829 4273
1085 5261
312 6165
6105 960
717 3433
2414 2500
1922 6232
5759 2662
4343 125
6485 901
3461 4325
6988 5715
468 3851
6513 5696
2664 4955
5073 5143
519 1859
6301 137
3111 5882
4416 2163
2218 6559
1111 2648
3516 4670
5671 2663
825 6737
4731 1204
4643 1990
6825 3952
1771 3064
3202 3727
2426 5523
805 1525
4473 1318
3272 5359
2029 6802
5290 3825
4233 6736
1246 1916
5408 6177
2250 684
6938 5689
4788 839
916 3357
2813 1438
3843 755
429 1581
2680 4132
179 3686
5674 2030
4348 6120
6125 3078
1568 4462
4083 760
5709 2668
1674 3526
2297 702
3306 1326
253 1811
5747 141
217 1772
3151 5391
1715 6502
29 1635
1571 2633
5546 1167
5573 6766
1383 4051
6919 3864
2429 1530
193 6048
5606 100
5290 3928
2405 4765
4130 4571
1993 4890
4386 5563
4620 3286
1922 1202
4455 5738
1328 314
5088 4996
5399 4470
2609 778
1856 440
1457 583
6770 598
3003 5290
2985 4973
4798 2048
1234 2340
5370 6618
6565 4304
4732 6251
6415 3827
3494 6928
1522 4467
4416 6446
5642 4846
4552 6738
808 3797
5948 2474
2435 6842
4575 4945
1849 5840
2244 4453
6005 6239
849 963
1482 4272
4060 3967
3945 6428
4228 4378
4321 2445
2482 2707
81 2557
3792 2654
354 2159
178 658
5653 1439
3540 378
1295 4493
83 285
851 3325
5704 2006
2141 693
2030 6823
6119 5655
4648 4427
2986 118
5542 1045
4523 6728
6289 2154
632 4545
6655 1159
6357 5433
4338 3733
5708 885
3246 5971
4401 5882
6342 4553
4236 6098
6094 2986
5844 5386
4793 5392
4877 4632
548 5574
4718 6036
4509 5876
5805 5443
673 2199
5390 4818
402 4964
3518 4140
1540 4163
2844 2463
431 3117
3473 5496
5861 2566
5061 2870
1784 6518
6260 4538
5813 6840
6755 3275
4017 1595
6838 5277
6772 4648
6483 1075
5356 6886
2646 3803
1383 2737
6417 6619
1571 2539
1140 3550
6933 547
1181 2246
3840 2604
6141 3760
1702 467
2631 3921
4596 3366
5311 5221
1467 3203
2548 1549
3508 920
2377 4090
1981 4048
6616 488
887 2214
6191 1513
3313 2474
2533 879
4939 4921
5735 2238
5548 3170
2125 2777
3470 2055
6552 4474
1239 1701
1538 3268
486 4040
2570 1421
513 6457
5712 1442
4155 1511
6106 3440
5334 4429
2415 771
4269 4436
4409 5988
3898 6929
1224 1466
3052 3232
5723 6823
3770 6805
2956 5355
6554 5241
771 4907
6134 2362
4127 5654
6428 4724
3946 2817
955 4839
6162 4380
2572 878
4395 1762
2281 4224
2964 1906
6453 3164
795 80
5679 4230
2261 5990
2878 3292
4741 2742
5112 6925
6243 1216
3834 648
6273 2406
5282 1142
547 248
1293 2756
4965 5813
5469 4176
2171 6218
5954 3774
4423 2761
5236 2156
4808 2357
2086 5936
3081 6753
221 4937
4100 6769
1383 2564
2396 1376
4415 6299
6814 1396
205 2040
4812 6430
157 561
1280 1532
1050 2945
240 2673
5476 3812
2935 2974
4895 3902
2426 2416
3037 2466
2431 609
1196 506
2351 5281
734 4446
6018 5644
4784 6473
3708 5033
3344 1563
5425 2657
3735 5155
2677 1718
3748 2594
6099 2462
1464 688
253 1433
5302 1458
2677 3716
3093 2709
1034 3780
2418 3447
1965 4739
432 2240
3861 2824
2134 1347
3627 2710
688 6212
4126 4985
2222 5946
6423 5568
1158 5508
732 583
6779 6035
4731 3652
3654 5700
4350 5123
476 1399
4660 6096
4773 231
247 6232
4016 883
1454 6660
6227 951
6260 3310
6357 6842
216 3467
2641 3583
4687 5470
1692 4575
3829 3899
1962 6779
5572 3827
4144 5579
2958 3012
1921 2873
5158 521
6162 3497
6196 6384
2333 1090
4071 2571
872 6481
228 5740
4329 6832
582 4997
4613 2547
4252 5043
6415 3281
1520 6072
1591 47
1546 3146
4833 5705
1728 4989
324 1300
829 4985
5889 1712
3439 2076
907 1063
135 4800
5283 3930
47 2000
4920 6742
4224 3023
4271 1322
5500 2483
6338 226
6337 1554
3940 5446
3534 441
336 5873
205 3869
3611 3649
6990 2324
460 1464
2761 3947
276 3431
4859 127
4517 2902
1236 1782
4701 3818
2872 6397
5682 4111
3000 3213
5170 1257
892 5934
6376 4112
1729 545
4470 5047
4100 6851
5765 6189
1715 1131
6536 2668
1665 1785
1887 3002
5927 4726
5329 1966
6646 2238
5519 1045
5396 5353
2230 3702
4019 2885
1388 2305
65 1034
2265 3067
2507 2355
6753 661
5706 5843
2396 1791
1632 6629
2757 2689
5991 3057
3211 1414
6764 2988
329 1737
4516 2802
470 6804
6798 340
3572 2561
5249 6363
2834 1936
6503 5177
3157 3967
5382 3424
3155 1550
1252 1550
6988 822
153 2199
6068 1561
3546 5476
5947 469
1310 1013
4582 3188
3498 1642
208 1228
4246 4470
3843 2565
6706 4346
3184 387
4329 2837
2406 4265
536 4419
3582 5939
4571 6485
6070 2044
3564 4046
5716 2495
3987 6327
798 4664
3335 2156
1405 987
660 6899
444 1885
4953 5725
3524 2804
2528 1132
3952 328
2370 603
4955 835
1882 5875
525 5743
3225 3487
2502 6156
6276 6596
5548 4435
700 4293
763 583
4488 6946
1638 4860
4596 6515
422 1825
512 5205
5725 2442
6739 1847
2530 2421
2414 618
6674 438
3887 677
1393 3585
4195 4974
6161 2663
1262 2423
3611 5560
1290 2559
2783 1460
5214 939
6275 3875
4656 3265
5235 3622
3895 4979
613 515
6545 4717
3057 4441
2105 4110
3516 2682
2130 2936
6157 3909
3997 3732
6635 6227
3320 3647
5666 5234
2987 5677
3221 4310
1981 2796
2974 5198
6763 3409
542 4914
4545 4183
3678 1006
5758 6265
3918 4752
6758 2967
1487 6120
1884 4914
5427 4442
4040 6684
4052 6769
6874 46
6025 2777
6138 3572
6785 6612
2754 60
1291 4454
1820 3221
2039 5307
1445 3033
710 5036
4506 2433
243 5921
807 5155
3549 5394
2394 5856
2101 1431
3896 3753
1612 2594
6100 6635
6946 5627
5769 5026
3572 4668
80 2324
392 3987
5750 4985
826 2162
2101 6041
5160 562
2400 5233
3293 6749
6114 3277
1910 4947
1593 258
2378 3384
3081 1094
3434 3268
649 4737
1226 4950
6801 6806
4470 4419
884 2368
1141 4314
6013 6954
4896 6874
1246 5305
4978 283
2613 2638
749 3391
4496 3707
668 2698
6292 675
4956 2928
4060 4713
516 3824
1953 883
3023 4651
564 547
1036 183
677 3418
6574 6211
2983 741
5637 3533
4514 1007
1628 3709
699 4641
5304 2523
2399 1816
5994 3512
6141 4749
5954 3117
6318 5087
6998 5406
3441 5720
3715 1527
612 3246
4976 158
538 1345
774 377
1319 5709
1506 155
1404 5290
5085 3825
5740 1410
5477 3527
2437 1782
210 3591
6394 5129
3034 4877
6729 1344
797 5328
3730 412
12 4469
5155 3495
3923 4553
4272 3115
2358 3584
825 279
2648 6380
1005 6534
2525 6207
6423 3604
996 6711
5736 7
1484 3148
6518 357
4882 2084
1077 1301
2854 2669
6986 2772
1111 6781
4822 91
3964 3920
6477 2674
332 2178
2682 3995
895 297
6785 1564
6940 2201
6220 2826
693 1315
5273 2142
5034 6311
1665 5895
884 4846
5001 5165
2908 1608
2673 1016
828 4547
786 3788
6011 572
3999 5178
5159 2065
4329 6634
4698 1239
931 196
3311 4954
4817 5808
5466 1300
2258 421
55 4306
640 5641
2059 3810
3351 3039
1502 3
2121 3924
5887 3514
977 5225
3728 6186
6946 1746
920 2046
2836 4409
5781 658
3725 5965
140 4520
4558 1088
3087 4377
6418 1261
976 4970
1293 1370
6257 5678
2464 2620
4458 6568
3835 2961
1123 4334
3960 4925
4608 2355
6855 5745
5964 4856
4527 4517
4180 532
1421 3950
3591 4556
3628 2441
5738 1621
6559 4187
2306 1677
6374 5895
6293 5986
6989 898
6203 6772
4896 3672
2370 3117
4943 2902
5581 2713
3429 1973
6355 1379
6179 1976
5812 1612
4321 3677
4500 5665
4489 4908
3342 5687
3795 4601
802 199
4499 2184
6442 3214
3727 4216
3448 5682
323 3484
1258 2704
6311 3808
4261 1006
1859 6499
5868 5733
2485 12
116 6829
2543 2033
5898 6536
6735 895
5978 974
2396 3059
1755 3727
6047 6958
57 11
5330 3621
5402 1418
3206 2593
1830 764
5053 6236
5033 5763
727 1922
3249 4538
499 3485
4141 2553
6028 3841
2924 6872
192 6695
257 2632
6112 2942
3499 2316
3023 39
277 4362
3125 1430
5981 6879
2736 3622
4856 67
3955 4746
3215 2028
3 6928
4322 1541
1006 2985
734 793
414 516
617 1530
3594 3334
2125 191
4110 2766
12 598
5265 5141
5740 3931
660 286
2375 401
6138 6160
6997 710
1881 3016
1713 869
5927 6777
697 6594
4138 5154
1145 4768
5227 2541
5600 3882
5314 2652
2111 734
2623 3842
1330 4531
1295 3996
1426 5688
6743 550
5908 1610
4782 2629
462 1845
2782 6232
6646 443
1035 5924
1756 3697
795 2521
1118 2656
4671 1391
1970 436
3888 4925
2439 2563
5167 2652
3538 661
1541 6714
1244 488
6575 3242
2163 2088
3041 4272
4034 6822
3425 5355
5632 35
6747 5232
2358 2591
5366 6216
3016 3991
4776 1690
6993 1653
2793 4074
2837 4835
6977 192
3727 5594
5688 351
5243 6097
3127 5108
5147 1795
6514 3427
6969 6117
6784 165
1441 6263
1111 6603
4074 4340
3168 547
3301 1717
2000 4830
4122 6953
5070 565
6850 1385
3071 5108
2193 3049
2518 2644
6319 902
1934 707
2092 2295
2096 3684
2834 702
5730 3822
338 1665
6059 5819
729 3063
4667 3731
1113 4556
334 4866
3104 2173
2526 4608
609 1008
4426 4603
4082 2980
3320 2099
6732 2525
3153 987
6569 5502
2813 2224
3515 4495
3694 422
5558 2605
1311 2455
4564 2547
2671 450
4857 218
6283 2934
5819 4790
2635 4168
3863 2776
5992 568
6360 2462
3626 1781
2979 2146
1242 8
5354 4407
137 6214
2775 3464
4835 1819
1105 1264
3552 3113
1120 4601
1507 5543
5111 3044
6970 6334
5338 3378
3827 818
5226 4108
6223 6444
6672 4054
2578 2754
1161 624
4523 3240
2687 1736
3873 166
3315 3996
4524 2305
1081 4325
178 5104
2751 2884
3812 218
4924 6600
2115 4415
727 2448
3887 4990
3369 1038
5623 4717
1326 1608
2297 6712
3137 5962
59 6351
60 1198
1416 3262
1520 140
137 4479
1447 6896
1730 2722
4690 6111
1642 3840
948 2143
3301 246
4937 1361
1648 3321
6307 714
3609 3659
1092 1973
4076 6019
3813 602
4653 838
1436 286
318 3141
6513 2357
3006 5853
2945 810
6676 3088
6082 5327
1002 4337
581 5466
3736 4617
541 1352
1992 5959
1471 6084
2997 759
384 1944
5854 667
6377 1002
3692 1273
2693 306
6191 5424
2678 6646
2099 3700
508 5402
5213 2513
620 2395
2074 4130
596 2590
2955 260
5808 1814
65 5718
4415 5108
5756 447
5900 4329
5132 2119
726 4
2323 3288
1897 1261
5787 2111
5042 855
5565 5911
1980 5644
521 4121
2214 2532
3128 4287
3327 4992
1771 747
5732 6413
6316 944
1316 4510
6895 2495
3236 4242
396 3389
33 4461
5631 6824
122 930
1452 1430
826 5445
5872 3693
914 955
5033 2962
1700 3123
1342 4740
5394 6035
6067 6770
1741 1638
4588 3293
6081 4190
5026 2556
6554 2762
3013 431
5430 6847
4985 3011
1510 1940
2210 761
3205 5979
6969 4182
2844 1054
841 2710
258 6112
6929 6776
1732 6061
6113 5525
6361 3117
867 5169
5206 2467
6986 5721
949 4374
1838 1141
2943 298
5911 4221
3606 1104
2098 4490
1579 158
5494 4068
2460 4949
5694 934
6933 4692
6761 1461
3194 5949
2029 4524
3710 4363
3946 3029
6368 4148
917 6934
1084 3607
843 2861
6371 6961
4506 4129
6655 6521
3505 4986
2447 3926
3683 3281
5124 1944
5455 3480
5299 3954
4261 1819
5814 3690
2219 5575
5455 4359
768 6079
4985 1766
3796 6261
848 5808
5091 2726
6355 5214
3806 801
6712 6420
166 3564
4248 5356
1863 5795
4299 2107
3600 3927
5146 3270
1078 6844
4463 4056
3252 6120
870 2263
1669 2883
2840 1621
6188 5659
6299 4840
3932 1582
1374 6538
6148 4849
949 2800
547 1203
2755 6635
279 4743
1143 3267
6861 495
1674 1629
1882 4340
3876 6593
6118 2002
3584 148
6916 4616
3395 244
6155 5952
2026 985
2897 3572
5816 3355
2478 2256
980 3186
1780 6036
5565 4948
6425 4508
4135 348
4944 1463
6950 624
5183 3045
6123 2876
5864 4809
6403 6758
4750 6586
4743 1417
3545 104
5232 389
5986 6881
1316 466
5429 351
5673 12
6935 5059
2641 3871
2237 5803
2884 4296
12 3090
3788 95
2009 6047
5695 2295
2913 1642
1458 4337
3548 3826
1206 6482
3146 1887
3716 1369
2860 5708
2046 4173
1555 5526
2454 398
4388 491
1873 3488
4185 2590
1762 1551
4082 83
13 1490
4333 6254
4073 2401
3827 3991
5031 791
204 104
571 1749
1906 2215
2680 5350
6319 1647
6091 4258
6284 2625
4502 6212
2251 2332
3709 3850
1343 3241
3335 5852
2954 5169
3116 4419
2676 641
4030 6317
833 4375
4294 6358
2743 4404
2465 5910
5143 5347
6036 4323
1366 2194
574 6207
1338 1
854 1288
2883 6339
5465 4528
6885 3229
4409 2949
4080 5930
231 2623
3540 299
2953 6130
2213 2619
3691 4805
2861 4861
2219 1154
6191 1355
622 1568
1581 5282
1117 5619
3789 1022
9 4641
5041 3157
1184 4942
1009 6053
3947 80
1445 2978
1521 5866
3852 4715
2693 3662
3427 2607
1896 1651
425 1609
517 631
730 3670
826 4779
48 1
3882 4826
2362 5797
3117 6368
6251 4105
4050 4993
2985 928
1979 6899
3376 1371
1648 3699
4751 444
6129 5304
2001 159
3004 1627
5944 1713
2733 6170
5504 1857
2713 4438
4674 3942
5383 1541
227 4067
3833 1406
2222 549
5043 4165
773 2149
979 2772
807 6480
1013 6304
2579 4507
3600 3186
2059 6686
1993 1432
4792 2645
1636 5893
4812 3269
1709 2649
4006 5419
6889 5691
6998 1026
3187 6180
1212 1535
4298 5872
1486 646
2397 1265
6984 4502
5009 4256
3137 5831
663 6070
815 1645
6009 442
1659 3971
4950 5949
6278 1037
3102 6492
5814 5001
17 4697
4473 3633
5609 3995
1413 2379
6473 447
5253 5270
5250 6128
134 4274
6854 2918
2881 6416
1714 5914
2764 1127
868 705
3641 3289
649 6367
355 5908
2884 6972
4207 598
1484 2500
1144 182
2962 3791
6433 3562
2877 6799
131 6608
5697 5726
132 1758
390 6255
3890 4793
498 3942
119 364
6164 703
850 4442
6763 33
6405 5170
1811 6436
5676 1319
2253 1089
4725 3762
1553 5004
4267 5223
400 6189
6848 3735
3700 1978
2720 5674
553 5507
3822 2091
4848 2844
4818 766
3849 4486
6402 6143
5924 1661
4891 2352
6459 1477
1335 1349
971 4768
6372 3197
6703 6588
4706 3597
5590 225
2297 6141
6575 987
4669 3244
1112 6493
2817 2698
2099 1727
2143 2170
2659 3815
5681 196
2557 6993
2137 5540
1102 2437
1443 3844
1419 147
2941 5113
375 1723
3939 5596
6037 4152
5137 4936
6462 6587
4378 3159
354 3262
3131 2714
6872 105
5396 5794
4279 5779
948 5590
117 87
445 123
6037 6953
531 2764
1514 1649
1111 3795
6194 900
1048 5942
952 4760
307 5608
601 745
184 4660
6298 37
5059 3360
6121 3981
756 2576
5652 6577
1533 644
6127 3067
1452 329
6714 3114
4157 3138
2979 4041
6036 59
1340 6182
14 2978
6162 5873
5716 5047
3149 858
4417 5885
4038 1106
1486 908
1559 1160
2060 779
1398 4703
6364 856
4438 128
6921 6670
2254 4905
1746 6071
3960 2534
1584 5325
4858 2375
1067 6668
6981 4532
3323 4159
3822 5543
2295 1893
6947 6831
5118 6065
3991 4438
1823 3332
6194 2676
3488 2878
33 6278
1360 5378
2381 86
5367 2104
4326 1492
5991 6474
3109 2449
1962 3824
116 1308
2185 5175
3349 4569
4421 1319
6422 707
6237 2292
5605 3389
1775 3164
6910 2076
940 449
5091 282
5575 3119
3497 1003
391 2246
5679 3034
268 6402
3167 6390
281 5545
5390 27
6052 841
5322 5607
1093 542
5080 2727
2636 1493
4867 3491
2792 218
330 5411
3996 253
99 398
6690 3360
3895 4984
2749 294
2685 6671
24 3884
4145 3500
1719 3931
4089 5122
6934 1646
3986 1882
6018 1468
2036 1968
4067 601
3327 1087
1686 380
4685 3755
6270 5387
1128 3304
895 2084
4702 2484
5508 1820
6954 1867
231 1296
2608 3727
6183 970
6123 3334
2203 4369
5974 1294
2589 2823
960 2003
117 5272
1852 3028
4143 6699
473 3911
5393 4779
6191 1312
6875 6583
3333 1059
5639 1196
5243 4954
783 2271
1230 759
5960 1144
6828 2676
2489 4311
333 2688
1594 3941
2443 3975
4027 3999
2289 2822
4573 6587
4261 4412
4856 2546
2476 6917
5972 6807
6954 6841
844 3039
2176 3248
1768 3222
2744 2908
6528 4437
4026 2024
4346 634
128 3607
5075 4264
3476 113
3640 1639
1130 4569
4912 6518
4588 1726
5808 3231
1909 1441
3009 818
5161 6093
3150 329
6507 4666
2570 1417
2139 2841
619 4245
6475 247
6570 3361
2111 6752
3182 4558
6073 3702
2623 802
2002 2523
3983 5521
3851 2159
4603 6036
2058 4377
2717 6728
4015 3444
6877 2515
2894 1383
6264 5025
4407 5357
149 250
4613 3679
1831 5656
1686 4152
6593 6649
4642 548
3138 5396
4615 5097
5127 4044
2242 6237
5784 383
6137 1522
1340 6612
4149 6811
4601 5372
686 1107
219 6692
4334 4952
3944 5659
1106 500
3263 4969
6204 4320
5508 4804
6154 1
4072 1608
2774 2199
3086 3266
3783 3499
2893 5202
5912 2717
4707 605
2546 4453
2725 526
4454 5757
6931 6862
5501 790
4355 237
5565 375
4552 5102
6398 3510
6768 5309
2363 2408
3729 3688
4799 734
3168 956
2832 6731
5757 3420
5840 4895
4719 3121
312 5537
3581 4207
1212 477
1861 1233
6484 3462
3050 867
4182 4263
992 1621
4669 5280
6818 743
1915 3438
3233 2302
3111 2191
2948 1709
6958 2163
6826 6419
4453 486
4229 4566
3879 617
949 6002
2905 6537
3709 1981
5393 3870
3450 4301
20 2084
955 5603
1264 4099
4585 2087
3637 6345
1571 6230
3450 322
4636 4292
6890 4791
5696 6048
6298 5855
6147 6822
6194 6666
6234 5758
6499 5302
3865 523
4184 5537
6997 6511
256 1850
6310 6719
4347 1079
4912 5004
4627 4080
6808 5532
6207 4379
4758 6946
2545 1718
618 2123
409 2068
2738 1720
1354 73
4172 2592
4549 3963
2779 6577
5943 2378
2053 2044
3997 2145
4568 4049
1854 129
4686 6129
6869 5717
5118 5554
5672 5735
3273 1533
3386 6719
2177 4462
1775 1889
2487 2455
1364 2853
958 4304
2843 1634
4208 3272
1387 4062
342 2398
1974 3771
3346 2334
5535 5644
4735 589
3039 6832
493 5338
5973 2251
1222 1953
3044 4099
3253 485
5837 574
5380 1914
1642 3000
2116 4383
137 754
3797 1727
6565 3726
1335 1975
1459 4748
6642 6205
5215 1398
6951 4518
3297 898
4335 1107
2900 2198
3079 5829
2573 1490
1184 221
2497 706
4819 3171
6042 3146
6819 1743
1472 6615
1334 6301
4784 4644
2891 5212
4988 533
6184 3467
139 4213
5937 2920
6585 6620
2399 5267
5754 5915
4298 1720
4708 175
6408 5685
5163 2130
4547 255
1853 5466
5558 362
1652 5455
2009 3038
6400 4816
6320 4082
439 6328
1365 49
6280 3027
3235 1769
1397 4517
1949 5493
534 1670
3780 4927
4526 16
695 2292
3654 5285
2081 3727
301 5064
3009 873
2001 3365
4990 971
3198 2421
2797 362
1344 4220
4019 2861
4455 5656
2256 3183
5133 5817
3590 6130
1303 254
2095 4035
5781 4234
3687 6844
6761 5368
5534 5341
5860 5580
6403 6937
139 1239
5993 396
5199 3943
469 5255
1489 5082
3405 1362
6540 1421
3870 4422
2391 6945
4681 1195
3918 2493
796 5331
26 3867
1634 3636
1311 2381
482 187
4516 6303
5952 2000
4098 5771
6284 5048
2796 4420
5319 2264
6557 5770
1607 1333
6892 4876
6636 2714
6779 3773
5560 864
4405 191
3566 572
3406 4000
3950 1154
4171 3380
6312 1766
6666 4488
6248 1827
5364 3946
5490 6919
4620 4780
5114 4821
2545 905
4922 3216
2777 3950
5063 1507
3977 2241
4630 2055
3830 4461
3623 139
5898 3050
2000 2252
149 3076
5661 6545
5928 3671
2765 1287
4464 2678
6236 5438
5237 326
3024 1999
6217 6714
6961 5910
2129 2049
3190 4942
1291 3000
1761 1542
242 2685
1870 919
1077 2376
114 6048
3969 1993
6982 4281
6588 1303
2518 5360
5297 1244
1872 41
5648 2526
5149 5424
145 1517
1571 2967
3453 4333
5894 3173
4570 6086
5981 6598
2099 1907
3074 5599
3112 3779
420 1911
1113 1649
5571 1908
6059 552
1243 2992
897 4667
996 130
775 6398
1151 4177
4286 5305
3260 1991
6477 5208
2665 6655
3709 2763
298 3071
4017 2259
5156 5407
5183 6816
6865 6938
4538 4000
3383 2545
5827 6376
6026 1962
187 1492
291 4586
1077 4065
2989 6347
2239 3616
1833 1928
2081 3216
5563 6143
145 3893
6704 1341
4893 3183
4016 1632
6687 6247
2237 2260
3638 6316
5497 2916
4389 1866
6075 6754
1330 5766
1221 6795
4995 5860
3495 4316
3045 2843
5558 1737
6209 2104
5003 5750
2709 3502
1716 5054
4603 3015
434 5726
6349 6640
3246 1966
2082 6711
