6000 6000
855 5254
941 5252
3250 2933
1707 799
4716 4224
3351 4483
4721 3645
5588 2245
3220 2157
2764 2176
2469 495
4799 3159
3099 541
692 2598
3682 5152
4582 1641
1553 1076
2277 5905
5276 199
3410 1390
5445 4040
5387 4925
5910 4779
188 5300
1758 156
5075 4367
9 5172
4096 2305
2043 5081
2309 2348
4110 4271
5665 5420
3341 3037
559 4901
658 1098
4929 5578
5654 692
4365 2703
2532 1894
5455 107
2877 429
3929 4797
4035 1526
938 4368
1548 1344
4410 2852
3369 4866
523 841
2575 4443
371 5630
3115 3207
884 854
1070 1318
245 850
2014 1161
2529 1285
5901 4097
5646 421
1187 376
1838 5974
993 1877
1598 1022
2252 1094
4478 2824
3663 85
4520 1031
2446 4729
2902 1850
3260 5445
1427 5764
3811 2273
5207 346
2330 4852
3957 1970
4200 5125
1745 5875
2801 5392
3095 1319
2455 4933
3706 891
1952 5834
5886 4330
682 3433
4536 5357
4184 5315
4468 5
3220 3372
201 2463
997 339
5571 4485
2170 67
5536 4247
5542 1825
3254 1455
1601 5849
5221 4529
595 2383
5715 3558
2603 5946
5249 4256
3217 4411
2738 4880
164 2222
3437 2441
4863 4057
773 611
734 2159
4683 5767
5669 3912
762 5627
4704 3500
1974 2743
1144 5175
5587 4694
2001 3071
3852 3105
5434 4797
3444 5108
3089 5982
1985 1658
2286 1157
2340 5733
4986 4598
3581 2049
3603 2737
2636 4241
299 4180
1080 3490
4618 3343
4389 4666
1131 2091
3962 3850
4333 2713
1493 5257
3400 4150
684 2230
5736 4357
42 2381
4891 3524
655 2802
5832 4757
783 2410
5239 1162
1361 3772
3452 5665
4393 5991
3148 4458
5857 3809
2477 2455
3115 1438
3544 4674
386 5847
2292 5357
511 29
4699 1745
5769 1529
2251 50
4274 1405
3449 719
2959 1951
4260 4958
3536 4680
2125 5760
1690 2871
1811 1424
2154 1605
4527 1828
1027 2799
4009 2001
2019 1493
172 303
1571 1328
4205 3184
709 4718
4760 2034
2195 2276
1676 893
1148 4570
1764 2751
2620 5084
347 1336
2264 2636
3826 131
2455 1369
4937 3451
921 5882
2198 4010
5804 1446
5154 2647
2929 3566
1042 2534
1928 4103
2985 4468
4444 2561
232 3596
1353 1799
5922 1590
4120 237
144 1641
1572 2455
928 3011
689 5411
3382 1895
3939 205
4471 3047
2432 1959
2248 3274
3224 4610
5786 2405
174 3878
3751 5168
4304 1817
982 428
1086 5033
5205 467
5402 2112
4108 2655
4622 1857
1223 3591
5239 483
3030 2947
853 1116
179 5991
3267 5374
4157 2903
1895 5319
838 4034
3581 4533
1715 5734
2378 1411
3451 226
2267 5537
5407 3344
199 5195
3080 3718
5960 1039
3079 3357
3932 2506
734 4896
590 3823
3191 2405
190 65
5140 5233
2119 70
1869 1135
1729 5562
2034 5794
3256 1417
2261 5881
5456 3057
2089 2793
2010 1206
2269 2469
2564 2900
4862 474
4181 2937
4360 3798
5813 894
3878 4480
3658 5692
553 1350
5062 680
3173 1127
4695 1690
2329 563
5855 3834
995 2710
2380 5773
4707 4066
5497 398
1580 3333
3409 5361
2857 1972
3288 3853
1418 1568
3479 717
2210 5239
4273 4586
3771 4134
1918 4330
3595 5854
5219 1617
5004 26
5230 3083
1111 3587
5966 5144
3333 3983
2565 2290
2553 120
1907 2357
5519 5851
3034 1520
1351 240
3570 4600
4267 5794
3024 4673
2988 1526
3940 1979
2626 1135
2609 5631
710 167
3128 4488
4038 2660
4634 3175
4535 4186
1497 2090
497 3708
2720 5223
2789 4607
3261 3044
919 4520
2756 1379
2576 5133
1543 5788
4480 65
4898 959
2386 213
1428 1807
1072 1416
192 4595
2484 3135
2037 1153
4224 1972
5930 2128
482 5236
4125 3403
4403 5578
2932 2020
282 2246
3388 1849
1059 474
4403 1923
1976 1586
2190 2490
1683 4675
4247 5664
5046 5386
3758 99
4947 3995
4769 371
2019 369
5933 5267
3707 1437
3680 3514
4815 3861
1281 3026
1028 5434
3312 1639
144 1167
5558 5842
2637 2867
2999 1211
4284 620
5384 5269
5846 93
3017 5145
3143 2503
724 5223
3292 3011
2671 818
1288 2823
2281 342
5631 4646
911 3035
319 1643
3135 859
482 3960
1811 5181
4721 285
5935 4996
3549 4834
1859 1367
3078 3390
1694 4083
4940 656
3409 2414
1744 5806
4625 475
439 268
2623 194
1189 4322
2228 1418
2215 3432
4275 74
1773 4469
4016 5649
5087 5737
3386 4863
3070 4340
1313 1008
2058 5851
5380 3858
4601 4332
1383 4072
4228 3327
340 5053
2209 2301
3749 2780
5077 5005
3345 2439
4381 3688
840 3970
5446 1881
2732 4869
3407 4056
5655 1061
5549 1060
3869 4732
5792 4960
970 655
4264 404
1425 3448
136 4582
1317 3892
2077 1652
2719 4595
129 5232
4582 4120
869 2882
1509 5538
3404 135
1475 2594
1718 2861
2161 856
1892 5310
4506 1341
3335 3765
4439 2098
2114 3392
5148 55
1791 2101
1998 5280
5347 82
2256 2005
1115 1890
5271 147
2722 5998
2722 3906
196 5908
5241 27
3198 4681
5806 3759
1952 2641
1012 2174
1588 1792
5612 2700
18 5873
3737 2605
917 957
138 4885
5871 586
1545 1466
4904 3191
1688 5318
666 5173
3633 232
2755 3823
1577 2379
2178 5589
1128 2534
1938 3052
1939 91
171 383
5326 2206
787 2161
1525 5583
3527 5991
1575 1475
58 4380
4393 5186
1540 4128
661 5121
5805 4168
2120 4970
12 2175
6000 3140
4942 3495
1593 2329
1993 837
4353 1537
2758 2755
1602 5631
1571 222
1797 3060
3013 1721
4771 2283
1522 141
5041 4009
5340 3883
3705 1011
2872 16
1469 3444
5671 1939
3757 418
5480 1209
1577 5872
4588 4622
3005 2312
5674 2888
5601 4034
2353 136
5096 535
4273 4986
3780 205
864 1555
5259 3652
1687 1446
3706 3873
1984 5351
1322 1100
2159 1322
5133 4816
4773 762
2955 4582
2 4872
4202 1738
5854 223
3819 4445
4828 989
5255 1758
162 728
4572 5108
4426 2091
3592 3148
5487 3094
457 437
722 783
1477 1660
818 829
5414 4126
5013 542
405 2059
1306 1218
1592 2629
2539 5712
4779 4684
1176 4324
4436 3954
2406 1186
5931 4641
4449 2542
639 493
526 4384
5310 5237
3356 568
5814 913
2515 2179
2269 175
4049 2029
3513 492
843 5543
3343 5317
2971 313
2085 2134
1612 2432
5176 2320
2532 5645
5880 3040
4037 5844
5429 1261
5969 40
5373 801
4361 4538
4796 2472
479 1936
2003 1941
3120 4520
2383 4926
1268 5774
3436 3955
4110 4481
2628 5255
5529 4816
1061 3889
5136 2223
2625 686
4577 4248
3930 1993
4090 5659
883 2149
3355 5167
2820 824
4098 3095
2100 3042
1323 4167
3532 2514
251 4060
3187 1040
4102 1155
203 4678
4002 5386
1699 5239
88 1870
4904 1740
5955 3785
3552 1558
4082 4326
4349 2862
917 761
5734 1126
1360 3614
486 18
5135 4163
4905 1679
3556 5785
78 857
2643 5837
3798 4881
2042 638
4804 5946
5304 3108
5975 4643
5941 47
1414 4139
4621 4044
5057 665
714 5512
4574 717
1804 5597
1152 3898
4718 2076
1202 5155
808 2129
2389 4420
5180 2583
5924 997
5865 2179
5876 316
3814 4057
507 2545
5020 3376
779 3510
3624 4511
1390 2337
1283 3925
1031 130
1897 827
3853 4195
1333 96
4283 601
648 2996
1252 2709
4614 218
1885 1954
764 5859
4926 3361
3869 4679
4431 5833
3143 4325
5466 4544
160 2594
1309 73
2085 2630
5188 1822
5468 2255
3122 3299
852 1089
1187 4000
3071 4666
2119 2650
2192 1924
4141 4583
2104 4724
4063 580
1815 10
4134 4884
853 2814
4658 3768
720 468
5123 3121
4488 2884
2999 1622
3068 893
38 1361
3603 1719
3744 913
2448 4583
3170 2248
3046 4723
939 3852
1516 5914
3377 270
3949 4217
4387 4201
5123 4558
4233 3610
3870 2291
2426 4611
2345 2309
667 4872
5424 3690
4907 5320
4155 2078
4698 214
3510 205
1980 3376
1521 5514
4887 3764
4784 4043
276 5485
370 3900
4197 1963
3417 1596
5401 3836
4666 998
122 4207
87 1772
5774 678
4956 4937
898 2433
5824 4419
5101 3383
204 5532
1576 4353
3136 408
406 5520
4499 5340
3499 3958
489 3254
2337 5847
4512 5781
4440 182
5535 1853
1675 4409
5374 5181
4583 5242
817 1762
3571 3809
1875 5342
4061 774
3686 1974
1385 5060
2767 870
5515 1456
3155 5503
3076 4875
1573 1740
2729 956
5177 3198
4388 507
776 182
4583 1871
2443 602
3142 4468
897 85
131 4655
3631 3134
5999 2114
2696 4385
3208 2644
3784 972
3078 750
670 5023
5363 2494
4307 1267
3681 689
157 3379
39 273
5886 5101
4387 1723
3390 1415
1207 361
5998 1437
2845 1462
1498 5227
5366 633
5690 4454
2681 4512
73 4540
2869 1051
5103 1391
1073 3962
650 3067
5566 2929
734 347
4301 3532
438 5747
5821 840
4365 5210
3028 136
758 4134
2203 3492
3373 4255
3689 2524
5699 4182
1753 372
4255 3863
1366 1826
4706 3050
1982 4808
3839 4179
4164 4908
3296 3200
3879 1181
548 2184
4986 3646
5694 4434
171 1828
2291 953
3478 5981
3546 4533
4245 3005
2614 614
4908 1186
558 4406
376 1546
4472 1645
5657 2379
107 719
4395 2869
2626 3030
4463 2147
1081 3716
4608 3056
4326 1005
5834 4816
3204 1519
612 585
3509 2110
4817 671
2093 4018
2945 4202
636 2321
4246 2566
1460 5419
4131 2135
4207 2381
2824 875
2520 344
3420 468
3146 3422
4682 4811
5811 3190
4575 2557
1010 5876
5322 3622
1653 1212
4807 332
4281 1092
3108 2160
2869 152
2153 4062
2268 1574
2432 1266
1559 2667
2829 2638
2194 3235
946 3396
433 4938
2006 1254
3213 4464
5251 837
698 1787
3310 1762
3781 80
1255 2047
829 3463
5358 5602
2121 1875
1640 5348
3642 979
3744 191
1001 4829
3207 4275
4749 2551
1647 188
4273 2041
4063 4871
2557 2293
4938 5395
773 399
3224 5068
31 5860
3742 1099
4790 3049
3070 4207
40 353
4543 3688
2828 1925
5672 5564
2352 4944
4075 3933
3224 3217
1 3039
2835 1136
2663 1290
5501 5169
138 3078
3703 4007
3045 3333
1033 724
171 4140
2796 5866
2602 5365
5193 2119
1485 4225
5838 4617
1051 466
5326 1114
5381 3301
216 714
4175 1910
263 4341
5758 1178
5013 384
4958 4638
3158 634
1161 1286
3441 3651
1643 1356
683 5076
1943 4848
2884 3956
4344 4278
4590 5969
4797 5054
52 2514
315 2741
4655 2444
1279 2671
4209 5958
3265 4499
90 1012
2859 342
3559 1148
4747 5615
3730 3618
3270 5827
1191 3159
4134 1631
3592 3137
909 3773
2304 4201
4270 4788
2003 5827
2036 5725
3898 3931
5809 4758
1509 5576
4664 1414
5518 5676
2471 2913
5603 1021
4207 5335
383 212
5463 4435
736 5987
4803 2092
2034 5790
652 3651
4725 3868
2721 522
2385 331
4687 3229
4959 3411
3046 3693
4373 1136
5787 4872
2333 3123
5210 130
3627 5084
209 4490
3326 1223
2262 3290
1472 928
1967 5258
2039 2665
4124 1614
237 3170
5402 3090
4464 5791
4748 800
5985 1538
1054 1537
4725 3524
5385 5856
3324 5158
1945 5582
3511 5818
5516 1367
2182 1840
2741 3267
4933 3078
5355 3635
5431 5256
4512 844
1602 79
1205 2077
354 5025
1716 2055
992 2999
4550 5265
5892 4159
5329 5218
5519 157
2053 3243
3551 3632
5548 4069
1751 2613
1762 1942
5418 2600
429 516
5620 383
4417 563
1700 349
1642 857
884 4587
5637 3393
2655 2867
5182 4702
1322 670
2861 4614
3464 2030
2376 419
3589 2494
5057 2933
5582 3633
2981 2159
5538 3736
5539 1654
4990 2459
2320 442
1198 1853
5319 244
3089 125
3692 5781
2139 238
1994 3847
4915 3076
2564 1840
2303 3209
4211 2353
4583 4312
2601 251
4345 2088
3443 1024
3605 4428
4419 3383
5780 1314
3281 5872
1853 5448
3640 4262
4389 2931
4786 1318
3452 1394
701 379
1963 5235
5597 3381
2154 1708
1328 3172
188 3414
1676 5792
3879 5057
2580 5499
4913 2843
374 2354
3967 1727
2178 493
438 4468
2543 4794
5850 1488
5894 1520
3496 2802
2959 5516
3387 3343
5999 564
1428 5424
4011 3275
5306 3804
3109 1328
4762 1680
635 4734
264 3881
5062 5787
4153 3215
1830 562
4914 5845
5731 799
5170 2045
2694 5511
1545 2820
5556 656
261 2393
3505 3955
5497 1080
876 5108
5538 291
5240 2741
2502 4191
3689 1798
4004 3723
283 2853
3025 3682
1571 1699
5419 336
3944 2966
5513 3578
5801 5668
4041 5972
4182 3247
605 3820
5742 2269
952 3303
5142 5617
5459 5232
5141 110
5799 2947
3344 2786
5837 4227
4354 1195
4104 5058
5804 415
1819 4715
1440 2270
2443 3951
1485 77
4493 220
4853 5695
3606 3379
4764 2426
5149 4595
4161 3572
2742 2551
5505 391
849 3011
2825 4474
2364 2961
319 3391
4862 581
1480 2595
1866 1802
4836 2336
4863 720
1545 5487
5381 1741
4723 2384
1061 108
4754 3377
3432 3352
513 3733
5710 3879
2743 5883
5226 978
4435 906
3749 3425
443 537
4186 1021
2779 14
5116 130
1463 95
3404 2324
642 2344
4592 3973
5651 3228
5388 5770
455 5426
3754 703
3686 5152
2440 3224
3347 72
4107 5649
1479 145
3680 5402
5571 5172
1444 4881
1581 4075
4249 5845
5467 2523
5 1219
2821 4589
1911 697
2479 1792
2792 78
2469 3586
5043 1187
2549 5962
2494 2731
4405 1827
701 4125
3962 3671
2474 1332
4798 3170
1690 3727
1006 2755
5797 4856
4911 1781
4878 1774
1503 5576
1067 721
4052 4983
836 1906
2167 4294
5960 390
1608 5990
5505 1795
4299 850
4525 1613
4627 5719
5285 1949
3415 543
4774 2177
2885 4203
2068 5430
3897 2739
1366 5459
574 4565
1850 3387
5490 3614
4397 565
2141 637
4826 1854
2914 5122
2713 5420
3319 5904
1413 1387
4444 3901
1865 1276
2231 5940
3660 2520
395 595
881 5838
4788 1678
4705 1620
4958 4419
3261 2950
3529 2910
1081 1581
5789 1003
2043 4832
5952 4806
338 5818
5124 2052
3922 970
4904 5781
5707 994
3357 5525
3195 2481
5515 1117
4911 4710
2436 1000
4706 2236
51 3490
4211 5004
2248 4481
5452 1229
5427 3133
2503 1975
3292 5745
5489 2751
4813 1837
3600 5021
5898 5780
3994 3791
2774 3456
5911 3302
5799 5136
1787 1462
4798 45
3457 2184
4645 298
1940 3237
5455 5734
1719 2597
3030 4523
4251 2502
2552 5780
2754 3946
5090 3570
5388 5047
3003 5484
4876 4161
5683 2097
1237 4609
248 5356
5566 1129
3175 3973
4638 4011
749 3604
2909 5388
4321 685
1500 5032
2281 994
4347 5535
5982 984
2758 4301
3346 5326
3796 3445
4141 2861
1178 4596
905 1818
2142 5585
1770 1344
2563 16
4405 198
3831 4568
1976 3695
5909 313
4173 5065
1313 1106
182 5432
3427 3779
3309 4529
4203 158
3677 3840
1359 734
4265 2847
3470 514
5105 4476
5314 4887
5240 2991
2303 747
4310 1211
4831 340
3115 4810
1774 1467
1524 3622
4745 1079
2690 2757
2665 1822
845 1599
4333 3216
3184 879
2578 185
3131 3490
4484 648
1245 1183
4969 853
835 1464
5813 4698
4244 410
1970 4008
2205 298
2771 2730
1965 614
1456 4340
2478 4493
966 3524
4653 3204
262 1174
2380 4745
5161 4054
2516 681
3548 3602
2894 5645
3577 3532
2096 1354
1337 248
917 3680
918 2139
2023 5327
1569 4109
359 1066
1658 3703
4533 2003
4339 4129
1508 2917
486 5043
118 5464
4275 2907
5258 4603
2177 535
3591 781
3701 1861
4766 5477
4884 5646
2814 1617
2743 2148
5233 2332
3264 1205
846 5187
4258 1982
5425 820
2777 2564
537 3509
2072 2518
3335 1386
4528 2843
2076 1843
4422 3108
5671 3782
3110 2078
5642 3419
977 3109
683 3449
769 2664
2146 4385
5336 4931
2340 831
1765 4058
352 4471
5442 3841
1704 5704
326 5632
4993 4718
1553 4306
786 5754
5818 2911
3566 1553
3770 2525
5333 4453
2129 5882
5652 825
2598 5155
4737 738
4651 1704
5159 2551
4041 2708
2709 4895
4121 4973
4203 2779
5776 653
3795 4257
2818 5291
2121 4724
1655 3680
5978 4739
5308 662
2310 2556
4475 2374
4 3236
4490 4729
5654 2845
5607 5233
3396 4384
3680 3697
3622 2747
4254 1078
1124 2177
2873 1446
3835 865
4007 754
2473 4789
707 617
5740 4360
5034 2088
4078 420
5860 3935
4060 3933
524 630
3053 1844
4014 2224
1091 3886
3815 10
5600 2977
3527 2524
5699 1651
4195 1177
4876 171
2582 3237
3538 4694
4730 1184
2648 4458
3491 5315
1586 613
5144 3066
5841 3226
488 368
4376 4207
288 467
3660 862
1722 3846
1587 4009
5490 1097
4020 3315
631 983
5472 4906
2948 4811
207 3114
133 729
1271 1119
4083 2910
5251 1161
2809 2126
4456 286
5241 3445
1683 2087
1502 2463
3606 4735
3369 2179
3383 1638
2310 4977
490 4546
1122 954
2144 651
3308 725
3325 5562
3782 3214
1866 692
3045 5996
3950 4108
5519 1910
5232 29
836 268
3299 777
5472 4711
2972 5975
254 4967
2093 1429
873 4719
3832 106
468 25
4306 781
2103 4523
3091 2464
865 4741
1724 2364
643 3696
3170 3307
2538 3838
1063 4153
3957 4412
2 4752
2996 106
3575 2976
2681 2724
4852 3142
2850 3928
5035 129
4865 12
722 3098
5078 5869
2806 3034
2625 5135
2795 901
1511 193
4559 4430
5336 1652
106 1640
2447 4614
5407 1639
5906 5480
483 4306
562 1926
5489 5594
1365 1206
5897 2561
380 1838
725 392
5843 626
4752 5816
5558 3526
885 4103
5631 5959
4111 2156
695 4401
3522 852
4869 5970
3343 5205
2186 2290
3231 3801
3681 4019
3252 1589
5578 3969
3416 1604
1525 823
1467 3116
972 2767
4532 3690
4206 2761
2050 5370
4300 5431
1848 5889
283 4316
2355 44
3147 3799
5280 5330
5741 5375
98 705
2187 1980
429 5682
764 3456
2123 4662
3802 5495
3301 1296
3923 4218
5823 3398
3777 99
682 5597
890 73
3598 4014
4462 2344
4542 5006
3368 4542
5603 2691
3219 4503
1818 2560
5778 725
4518 4268
4654 4715
3778 251
3153 4912
3256 3879
1749 165
3596 2186
5030 1133
3617 5205
5246 1648
104 3175
3206 1120
744 623
642 3730
5617 4493
3215 5318
5910 731
1348 1606
4795 3707
1571 3097
4881 2837
151 2540
4614 4867
2137 3110
3006 1382
692 1467
5353 659
404 4100
4841 5522
2201 5597
3156 2450
17 4839
2737 5314
3017 5010
4658 5289
2050 5518
5811 978
5837 4439
5842 794
4220 339
396 4977
3889 1077
2982 1235
120 3213
3069 3265
1028 422
3837 5536
1357 4217
3459 4486
4651 4523
2955 1386
5250 813
28 2035
1639 573
3741 5407
5045 2507
2326 1802
4164 526
4867 5449
4694 3525
1263 1732
3329 3460
3550 3543
1152 2350
2212 4403
5927 5604
4729 4625
1919 2863
2336 5721
1902 874
1933 4800
2336 5887
4950 1706
4070 4904
5142 2793
4522 4175
5119 2394
2915 2790
2136 2122
1465 2290
2495 5231
4678 1158
2746 4867
4069 3086
3043 3169
2836 4816
2013 4365
4248 1636
2074 2987
5972 5858
3501 1679
4032 631
3672 2632
2960 466
2717 2086
5558 3158
3729 3240
4611 204
1330 3356
5871 1730
3059 1482
2933 3741
2645 4699
122 2958
2251 2109
5023 3078
2744 5349
2917 1774
5039 83
1799 1788
1289 4049
1558 1621
5719 5928
62 1626
4709 2909
2707 1514
663 4345
1406 3692
4066 4795
4668 2979
4245 2733
1659 4680
720 1650
1607 208
2492 1969
3601 4348
2431 4689
256 3732
1182 3373
2184 482
306 5819
569 5193
2071 3730
184 5395
4608 1795
5125 5500
5816 3594
4130 558
4464 252
2539 5079
1360 3814
3175 5086
1115 5454
3299 3311
5692 1328
3494 2141
3862 4931
3438 670
1615 2166
4409 3922
1838 5358
914 5280
5577 3086
5870 4571
2812 5536
2205 1220
845 1559
5290 2647
5826 506
5997 1732
1601 1613
4333 4185
2830 282
4393 888
4570 3693
970 276
5534 3929
5366 4325
3511 5040
1625 3476
2677 2533
4396 2137
806 1612
2152 2375
524 4542
2784 4576
2829 1966
2873 3763
4927 4283
373 454
4437 3235
5862 5012
5760 453
5662 2236
4753 2373
2137 5300
3369 3463
3505 181
1724 5401
4356 2898
4555 3971
4161 3388
5020 4589
3883 5451
5614 12
2776 5071
3379 2472
931 2567
4688 4358
5592 4226
2504 2222
5908 5045
4366 2330
267 170
1194 124
5924 5827
2115 3550
1908 915
3665 110
80 5825
2455 426
704 2551
5757 5289
3399 2409
1300 2299
4690 3231
3841 3973
1726 242
3496 1563
4840 1800
4264 4619
3684 2105
2274 2174
3962 5662
3279 3517
2615 5106
598 4667
4968 225
5665 2988
2966 3241
1583 5544
3176 5811
5134 3907
2999 2414
1279 4126
3076 1231
5503 4200
2851 4982
260 2234
5595 1527
1473 3986
2635 4344
1863 1386
4717 359
1567 4336
5359 1463
4078 4146
424 1919
2837 4068
1254 663
2766 725
3894 4322
4531 5928
2601 5990
667 4224
2574 92
165 2483
5866 1902
6000 790
3663 1020
716 301
190 4216
1159 4636
5872 2315
2629 5564
2482 1129
2232 3880
5426 5150
3378 5508
2932 430
1224 5355
2506 1543
2398 3729
3361 2303
4995 3458
2694 3087
5438 5205
2336 4771
2335 4603
5755 2252
141 2274
1423 5994
2445 2773
1568 3492
2807 2652
858 4069
74 5009
1035 5704
93 3365
3973 1553
4315 4622
4739 2400
1804 1145
2313 1868
232 4998
4910 2276
3702 3397
4655 4067
4708 3478
1946 5274
3844 1344
4743 3053
795 1146
1606 476
702 1772
3823 468
888 3812
790 3147
2677 3346
2996 1476
5108 2979
5473 4538
2757 4830
3914 3743
4051 1441
4896 5908
509 5680
5475 3821
1064 5957
5107 2459
5506 4907
1238 5166
2019 4081
3898 2464
1644 1512
713 176
816 4096
3005 5917
4603 5371
3756 1011
758 2262
523 3081
906 2017
3801 3027
3648 2106
4049 3454
2989 1020
933 5922
1180 3912
5607 958
5001 1390
4554 3423
2143 1061
3831 1856
1954 5110
5545 2582
658 3834
4705 5636
2701 857
1767 1558
80 3162
5064 5900
5180 2180
3941 5770
798 5246
486 2934
2951 3052
4396 3625
358 4482
3860 3231
1537 1863
3133 1860
3938 1037
3189 3289
5105 3999
1309 654
2866 5807
4821 5424
3115 1354
2896 2870
332 3319
646 1676
2227 369
3197 5724
5860 3965
5535 4456
3118 5531
3177 2669
877 4277
2174 3819
5283 422
2886 4875
665 4610
5828 1431
2875 930
1059 3783
2140 3216
4329 4259
620 5413
55 780
5399 5710
1632 1134
3250 1567
1698 2139
3491 3321
1603 1087
2717 5536
5652 1908
2051 4128
4294 4118
57 2778
2499 1954
3424 3133
5281 3155
1378 1092
3563 4137
4441 3526
3812 3077
68 742
5 220
2449 1374
4520 5033
2911 5259
1634 4314
5584 5339
502 3200
5042 4651
664 2289
4983 164
1669 2177
5383 3169
1283 4083
3711 3028
4503 5465
3767 2462
3325 2499
3122 4525
5125 1170
4773 1575
4976 264
1607 5204
4471 5386
1678 3097
4544 1659
4655 4407
4253 4466
5203 734
1770 504
4807 1138
3638 4243
2059 328
3257 5398
5138 5304
346 2263
5749 3864
5147 117
608 3285
2509 1302
5582 2442
667 3119
5969 2097
3642 2582
5858 1918
2179 1341
5684 538
1759 2739
2012 1783
540 1250
5295 3463
3970 2862
4113 357
2500 5871
264 5463
385 3239
4354 5639
3958 4208
3285 2098
1929 3182
716 3480
3319 37
3580 2647
1167 5747
543 874
1441 5952
2532 2182
3732 5047
4616 622
4890 1121
5388 453
2384 742
1189 1085
4772 5145
395 495
3766 1811
1741 5747
2628 4513
1047 4433
863 768
3075 1414
3609 4290
4660 327
5814 5312
4838 3971
2168 4507
5083 4115
3622 717
3323 1765
2320 2241
1791 2518
2672 3259
5182 910
3538 4492
1308 1943
2157 1542
1564 1523
5656 146
2264 5530
5470 5922
4116 4430
1092 534
732 2666
1079 2452
1784 3153
539 4225
32 4330
2762 4840
3905 5835
2666 1577
5896 2323
2954 1787
5584 919
5920 4118
5846 473
1729 5879
4501 581
3598 813
1790 627
3772 1638
3866 4625
651 3991
2189 4346
308 1172
4890 166
1762 2927
4986 3612
5241 4637
2892 3847
2874 627
637 5904
1360 2987
1851 528
128 1529
2605 120
82 5731
5183 3818
737 4303
2063 2799
5423 2846
1953 4671
3056 5281
625 1671
2598 1616
1026 4533
378 783
2473 3159
4166 3813
4286 1598
762 3321
3185 5106
601 1614
1419 5297
4926 212
2035 1327
1607 368
5944 3044
1194 2742
623 1866
1903 3517
3313 1351
2627 1066
188 411
4296 253
1168 1399
5530 2854
2205 2074
5808 979
1930 1208
2627 2848
3311 2386
3211 4507
3003 5456
5805 547
5123 5089
4273 5637
1641 2302
4957 1802
5522 4593
5096 4798
3993 1773
793 4727
1265 2604
346 5379
5448 3570
3215 1456
3280 5668
5085 3728
3426 2698
3199 2364
889 1236
2990 4818
5920 1149
243 1425
654 1184
4068 4024
4250 4516
3742 2427
1308 4456
2923 2567
1112 5796
3259 1734
5954 873
225 5183
4881 726
4148 2140
5330 5010
500 451
1085 5371
1348 5662
5984 3620
920 2003
3233 3099
1141 27
4736 2871
662 5735
833 2154
1948 4778
1905 3879
4476 4798
2651 3684
2819 5228
5933 5805
2592 959
4808 3769
2912 4216
2152 3318
318 5844
2067 4529
2978 1942
1534 57
2221 4884
2533 3057
1748 4977
4308 1668
4166 1621
4799 384
1663 2882
3531 4846
1613 1952
5648 4619
3235 4789
4539 2678
3663 1668
1853 500
5672 5593
3859 2928
2461 5890
1006 4508
3481 978
1077 900
4238 1010
1376 3504
23 4365
1609 4180
4118 3124
2587 2301
2258 3840
297 322
3726 1531
5364 5583
4195 1873
1579 5870
3019 3350
3182 187
3783 3847
1469 3074
568 981
1644 3185
5309 2017
2393 2213
2772 3157
2406 5193
1082 1019
5322 3275
1508 5472
3875 3463
5570 3411
2617 1986
5952 3649
3796 2976
294 373
4334 2591
5269 3734
2464 673
507 4029
5036 1726
1716 912
2890 3756
5555 2819
3886 5616
4369 4074
4276 1353
2268 2740
2308 3168
876 3352
5442 5397
903 3880
5276 728
4176 3897
2597 558
1011 2793
239 999
890 4067
3810 1868
1242 190
3248 2421
2777 4657
1295 2678
4276 2741
5800 3237
5424 3087
5222 2676
4285 471
3885 2516
745 4410
4095 276
1366 2601
85 3417
367 1579
5303 4655
1008 529
4188 3931
4886 3630
4496 5183
3246 4562
2238 2146
1884 547
4609 5994
689 3999
2330 1418
3611 3947
787 3720
3158 2974
1752 4859
812 2277
5214 1100
4563 1219
75 3533
2328 4751
1303 3827
2811 4893
3365 668
5115 4191
2685 4701
5270 5490
733 5600
121 3143
3876 4374
348 4709
3474 5773
5724 2816
1 5094
3779 1193
3640 2217
2184 3360
5814 440
889 1824
4937 4406
5933 640
4104 2258
4552 1826
313 2625
5510 2432
1115 798
3493 1649
5038 3675
1564 4721
5900 4367
5554 4372
3199 1903
5135 1488
5376 3548
4134 5784
1556 5860
1935 1614
5098 4318
5954 4041
1524 3609
5373 5525
892 5067
4722 4570
234 5397
3208 671
4884 4664
5618 2134
4460 159
1489 4540
3112 192
1941 1786
3797 2149
3813 3042
3822 2075
2213 2413
2294 3028
1485 3665
5559 2468
673 5368
1279 1418
2447 2580
239 3996
396 4502
629 929
270 1407
964 5510
2974 5159
5219 2534
5850 5024
4981 5753
3633 1649
1049 4999
46 2506
2271 5565
3157 1785
861 496
3726 2261
2202 5814
3346 3550
135 4133
3398 1400
1025 2971
904 1567
2558 908
2700 4569
5614 296
588 3594
4639 1407
151 1642
4595 1478
3053 4585
3003 5233
1165 3493
892 2042
5591 5116
1568 1042
3955 4911
5828 5227
2368 2875
2854 1817
2674 2984
1005 3519
1869 3677
1903 4126
1744 1216
2979 1849
2081 2098
5832 5811
117 1678
2764 766
3944 5898
5928 5587
2346 4804
2545 5177
2305 1844
2323 703
3713 5135
219 2645
3459 4757
3812 288
4402 158
5950 1630
5736 404
1699 3825
3513 2294
1819 4146
4398 921
3028 1250
2877 5601
3550 3616
2493 2058
5673 1426
395 537
2988 1741
1463 3040
5730 814
103 2549
2440 3462
1551 4687
53 5660
615 4833
2195 2171
2290 360
4616 1280
4286 2536
5627 1988
4923 3045
5149 283
1699 2503
2548 5611
310 537
5704 4260
1136 1590
4574 526
5581 2272
4706 3986
1398 4613
2495 2678
4605 5320
373 1419
5936 1663
2365 3933
3781 3205
5661 59
5460 1009
1211 3225
1518 1564
3428 1257
372 5322
5818 673
2087 3340
3781 3258
3141 5616
48 1262
884 589
2551 4447
1042 3062
2657 4882
3195 3273
4431 3975
4179 747
3388 642
1001 1657
1638 2966
3128 3258
5288 5794
609 4911
3966 743
871 5359
4118 4295
5807 3101
1218 4670
1640 4845
4060 985
3132 4995
993 2826
1814 2604
2507 3155
800 5114
4096 3882
2463 5445
2505 3818
1289 1024
3933 5868
2353 798
4373 1194
4660 893
1230 1370
1107 5906
4229 1204
3311 3540
5618 3547
2375 5132
1988 5834
5584 2482
5513 748
2779 1546
183 4317
4234 3670
3738 4408
139 5541
3449 4993
2781 4700
2117 1670
2102 770
2983 2402
5705 5087
1723 5759
2185 2398
5153 1528
991 4706
4966 1136
3626 3639
3761 5863
2602 4232
5693 3327
852 4075
638 3190
1215 3544
2404 3411
4221 2908
1733 4430
590 3446
2545 4414
1576 3530
4802 3889
5639 4140
921 2168
5592 2635
5538 541
3129 437
2487 629
5409 3002
3264 511
3208 1481
951 2217
5663 200
4192 2305
2977 3600
1252 1464
4353 240
4553 606
1467 2186
4475 2257
1276 3227
3001 2490
669 5283
4347 1869
2883 2004
4476 1068
4655 194
4851 3092
5151 2033
5779 3049
5232 2464
1869 2467
879 2518
1916 3041
2579 2452
1982 181
4744 2433
5393 4502
5757 807
422 1061
3488 2127
223 519
429 3129
1677 3158
3680 5722
4544 4320
4417 4831
116 3328
5762 1577
2328 3801
2625 261
2335 385
2456 5838
1793 1526
1613 1877
3265 5106
5388 5936
470 5080
5154 217
5839 4465
4943 2625
5853 2075
290 1487
466 3580
30 4342
1584 585
3705 1510
1013 5652
593 3383
4278 4891
1793 2844
2016 2
3535 934
4142 1814
631 3396
1820 1036
4236 4585
3657 1230
5098 2571
3271 5702
3855 2914
4960 1814
65 2789
5521 5111
5810 1476
2938 1804
2619 4243
2003 4368
5565 1472
2552 1140
1166 38
1232 4624
3118 4144
5741 4611
3504 357
337 2053
3162 6
4902 343
2698 646
1005 4253
1713 67
2602 420
651 3822
1669 2192
2451 2180
126 744
5029 5293
5719 2092
1577 3881
834 1766
5694 619
5807 1021
5578 4734
2071 2350
4755 427
2375 1710
4765 5212
4123 5502
2146 2983
4535 1432
4764 3049
3402 3185
4367 3281
3679 2297
337 659
5411 5067
1043 2247
4932 5754
2039 3420
1577 5863
1944 5569
562 988
3651 5596
2582 3830
5786 4024
839 4492
1654 1571
3363 4176
3562 5326
2999 861
5917 5092
2613 2890
3928 5394
198 1225
758 365
1559 4191
2312 4492
1620 1700
1113 2197
1066 3916
3443 4203
3529 4505
115 2697
2464 2163
1820 1185
2516 3695
4465 4211
1630 1675
2821 1197
367 3932
3366 2354
122 5396
2233 4081
141 1268
3098 932
3460 5031
1405 206
5736 1313
1175 2282
1364 1024
484 3749
4370 567
5362 1018
1996 313
2968 1610
2530 1542
583 2572
5582 3933
3175 2055
1172 1294
2976 1608
5301 4761
1039 256
2603 5226
2737 4026
1920 4609
4439 4558
1199 4741
3496 3667
5820 1950
272 41
4616 3580
2257 4650
5165 3721
4262 4085
1131 3423
313 2162
5361 2935
4763 3420
4477 5170
4508 5478
444 4365
5433 3273
2138 1897
2732 2079
81 567
947 4024
4168 2855
1600 5558
3041 5778
1023 4134
4156 2115
5374 4177
4067 4903
651 4787
5352 1213
3569 140
1643 3415
5334 4585
1287 525
2782 394
2739 5630
5753 3117
2728 1314
5503 5780
5264 4645
1518 3404
2365 5376
5288 249
3413 3286
2757 1212
494 1157
2341 2189
5962 1460
4679 380
3421 5458
5622 1021
4114 2609
4350 4198
3822 5100
3983 5999
1732 947
5203 2541
1983 4881
4984 5725
4127 3251
5314 1114
1778 2080
5118 2541
5604 424
2089 4499
395 5229
5444 4638
4482 4560
2643 2914
1292 2223
3269 4021
3320 5676
2507 2545
3660 2989
1401 12
2988 1587
2874 3425
2078 1460
4602 3997
5460 2133
182 3813
71 5406
4266 1457
1622 2824
2795 2102
5843 2948
5320 4506
2257 525
3918 4116
3134 3913
1332 2923
5320 946
5426 1587
1673 235
4159 2390
1805 4058
799 2602
5258 757
4468 5350
2380 2645
669 5640
4696 1079
2381 5496
4793 5110
4245 71
5290 3984
4496 1757
195 4310
3938 3703
5092 3368
4390 5498
702 3123
3256 1785
3088 1189
2807 4487
3483 2169
1401 2681
3091 5132
3211 2614
4331 3461
5930 259
832 2668
2883 5496
3526 5089
3169 1053
298 2410
620 2448
720 2448
745 3091
2327 163
4068 1030
982 4889
1863 3082
5787 3720
4841 2380
3021 5765
1548 819
3959 4661
3750 5336
4579 1346
3317 5327
1271 5296
1176 2374
4308 1642
373 2155
1477 1723
3588 2914
1247 729
1685 2717
3524 1103
2403 995
21 3639
2663 5735
3553 4350
1215 5771
1052 3388
5177 20
4742 3175
4751 4781
3532 2710
1626 5411
3053 4666
3910 3660
4270 3771
2226 3086
3375 1532
1949 2695
3534 5962
5791 1280
1406 106
3177 2595
3698 962
3110 3225
1011 4901
4300 5877
12 3922
1689 1586
5203 1080
4287 2410
2690 5655
1651 1808
423 4157
3845 4849
1797 1545
2989 5673
3665 3271
183 300
4659 5598
598 4495
1608 4350
1506 1781
3294 168
292 2918
2376 1193
2742 4933
2235 254
2781 4257
4204 1704
3361 2265
3520 266
1122 5342
2704 4168
50 3678
2501 1669
4342 2817
740 758
4934 3222
2530 3632
1121 5666
1618 3771
2453 3944
4209 5423
1607 2113
5338 1859
544 5419
2387 224
5611 1137
2590 462
1287 195
1188 2416
2730 4683
4861 4370
116 1634
3520 6
4913 4353
776 123
2166 1415
4841 2866
4442 3876
2837 1172
4069 185
5241 4003
2774 4080
120 1754
5596 1767
1508 1316
4700 2612
748 3782
4879 68
139 4421
2719 1668
1524 2523
5928 127
4879 258
3820 2539
2282 3604
5481 3639
2654 1516
5595 386
2909 2681
4169 3092
1916 4856
4154 5989
3513 2359
1053 2555
1180 2921
138 597
570 4459
516 1306
2047 161
606 3469
448 452
4539 5385
1973 2173
5363 3011
3189 4021
1579 4427
27 2656
1948 3606
1589 3553
1984 4008
749 5387
5835 320
3768 1127
1213 1009
2900 5743
5236 5819
3167 5105
5620 3228
118 2951
3944 1340
4344 4582
2080 5415
3859 2966
5754 4596
2509 862
1542 4537
1844 5843
3069 3547
3732 1471
4937 1344
5138 3485
3192 5192
3308 2762
4762 3590
5562 850
868 2658
4100 5977
4037 3133
5986 249
1608 4907
2092 5956
1423 5651
1640 3811
4304 2968
4954 5484
902 4647
4468 1344
1277 307
1190 2062
4808 4543
569 3970
1231 3375
2654 4841
3307 2134
3197 1050
28 3812
2680 5899
4354 1356
3824 4721
3823 5154
3179 3782
4860 2643
2269 1691
2541 4121
2770 1319
4747 352
2712 5068
3249 1821
2226 3682
4757 1074
1467 2729
666 3790
4192 3567
269 3025
2190 4174
2272 5304
2315 1499
2386 4258
5706 2806
5001 390
5968 3789
2045 4685
2838 4175
3775 458
1273 5273
2003 1364
5553 3614
3614 3249
3921 2526
5584 1780
2189 1303
5936 1897
2860 3284
2540 5399
2827 1371
4721 4577
1532 659
4750 1709
1339 4539
3276 4803
4316 2590
5177 2384
4105 5829
62 2218
492 4335
814 4756
5976 1912
4986 442
5235 578
4245 2940
1304 4440
3686 2746
1219 1358
2529 1576
4691 1693
850 4402
4027 1216
3443 2530
3339 3390
1701 1974
161 2765
959 896
268 3025
3139 3357
5884 5403
3159 3731
4522 2168
3007 4863
1974 5625
1639 5617
1967 4526
1091 1580
5861 2849
4295 3320
864 1494
5543 2244
3147 4075
3508 2173
1959 1791
1031 184
2559 730
5129 4683
3582 3627
4991 2911
3059 3347
5375 599
4428 687
3987 2502
1456 4867
921 3031
3860 5523
4092 5426
1852 1969
5497 161
2207 554
779 764
942 2818
828 4795
2320 741
4907 843
5565 4991
3029 5908
890 5346
2432 1355
5495 5072
5302 4212
3028 3416
1222 5591
5153 5465
5378 892
1786 4699
3599 270
213 3534
1947 3379
269 677
2972 3874
5256 5534
3429 2924
1453 810
261 2316
4 193
3733 2202
2811 5633
5417 3041
5274 3640
2907 1727
582 4198
2389 4180
5887 4845
2412 3402
5802 15
5605 5996
245 2763
5731 2292
380 1378
1760 4095
5592 594
4607 1365
3308 5568
5994 3067
2342 3591
145 4009
2019 5736
5590 3003
1430 2244
4578 2391
4312 4021
3031 3607
3624 5461
240 4686
3584 1912
5515 26
5356 2269
1011 2404
5420 1373
3003 4905
3149 4887
1905 560
3472 4942
4056 4953
174 213
1517 3147
5804 26
98 2374
785 5582
894 4260
4669 3790
5350 878
4461 2662
4866 1808
4621 4758
2318 2554
4109 5370
2255 996
1931 5901
507 2043
1198 2810
5278 2774
5292 2759
4978 2182
3742 5133
4210 723
749 898
4083 5769
3650 4090
5153 3856
615 452
2036 4754
4238 1039
4247 222
5063 3278
4089 2957
2441 3776
667 5054
3417 524
4761 4177
1881 2176
4896 3746
3253 5250
4055 4596
1293 2597
634 540
4811 637
4204 3623
4100 5606
2283 1799
512 1506
3615 906
699 2577
1405 3764
3914 786
421 5527
5022 2324
2835 5191
5985 1674
881 5731
3984 98
415 3878
2162 62
2429 4515
5560 4632
3788 5577
1586 925
5371 5342
597 1646
5631 1523
5656 656
1135 242
5567 1791
324 1344
5752 2243
149 4991
1429 3702
1472 1647
2398 1283
4074 2704
3773 144
2767 5363
3034 2779
5686 5308
1823 4412
216 1828
2351 1952
2084 5675
1249 5272
3521 502
5186 4468
2057 2816
1180 5906
1428 5905
611 358
512 1953
3531 4652
4850 673
3328 383
2193 1100
2272 3809
5269 2396
1896 1800
3415 186
2106 5088
5472 5151
5021 3921
5784 30
2180 4998
2802 3770
3519 4893
864 402
4390 5772
4410 2336
1670 4429
4416 5090
3311 2237
3238 3385
4052 4019
4567 4279
4593 5198
2713 2662
1219 4064
5120 5374
2131 1681
5361 3422
5293 4187
880 5984
1587 4269
5400 2783
2774 4453
1549 3644
2198 414
3294 4468
49 4426
3898 3051
3897 2069
70 3922
4033 3037
5463 2153
2611 5706
5300 4567
2939 840
5215 4225
1816 3872
3856 649
1808 3617
3584 1615
83 586
323 5313
3598 4371
4391 340
515 8
3486 4707
2351 5189
2407 2799
3247 5935
2471 5848
1473 1336
5178 729
2010 2234
5689 4850
5693 1124
1941 5035
5615 3128
4416 5534
4628 2293
946 1048
5511 5842
1502 2311
2754 5411
1854 4122
5644 4467
1752 4766
2914 5404
62 4827
1185 2725
4641 3363
2379 2554
1368 5350
3943 5503
715 1332
1451 1952
5222 3898
730 4002
4466 2917
2646 939
1532 1778
2619 2746
1674 4844
1395 4526
5398 1559
4232 4871
429 5891
722 1176
4643 3728
1171 948
2183 1838
1595 119
1152 4234
3777 3314
5148 5064
3450 760
1132 5301
2422 5419
843 1404
2278 3536
2296 5343
2841 5822
5361 1999
5051 802
729 1511
3561 1020
1383 3289
678 4900
5942 5124
1884 3348
2667 2486
17 4801
4763 3652
3345 2522
1642 5815
5910 123
5576 3970
4946 2557
3568 845
3452 5865
1489 3087
3592 2295
1206 2156
5771 3474
4611 125
3771 1487
403 1859
4993 134
2622 3803
5111 4364
4040 4502
3227 1211
211 2243
819 1718
2889 4383
2516 1619
2910 2172
1165 2460
4034 978
4122 33
2173 1926
5200 5261
1642 558
768 5709
3826 3066
3436 5067
1714 4931
2249 2931
75 2906
3749 904
1669 4433
4116 1458
4333 3516
3560 5650
3379 4881
1997 5174
2678 2169
1850 4561
3366 4749
3340 3834
4642 2545
961 1799
4966 4330
4607 4981
1714 676
5483 5766
2297 3343
150 5929
140 2378
408 5763
1220 1592
5251 4567
693 5339
3475 5590
3819 5442
1481 4441
1249 1860
4387 4825
183 1765
1153 5517
5639 423
3809 4273
3932 2937
520 5047
5192 1280
42 5320
371 2806
3941 201
4205 2148
995 2320
3509 3604
904 3878
450 375
485 1744
3691 3057
1368 4144
3609 1203
5464 1684
2701 4460
1491 514
1679 2066
47 3154
3754 4110
4444 3915
5247 2074
1921 5491
890 3251
1961 2947
2873 4523
5653 4740
443 3715
212 4804
3669 998
3033 2764
3 3474
3895 3109
98 5910
784 2544
3541 5358
4091 2765
1690 3192
23 2170
3831 1018
1837 5104
3408 1432
3540 3224
2583 5637
5515 2406
1610 2610
3741 3413
4980 848
2163 3163
4497 3644
925 5005
616 5709
2728 1951
2344 5379
5188 2392
1808 5644
537 4634
2 5155
3007 3967
4493 5512
1962 3461
1343 5907
5286 950
4639 619
5690 2672
4763 2713
780 3499
2909 5629
4317 4391
4522 3766
4457 4005
4062 2897
758 4823
2371 2723
3417 2752
4058 1701
1435 2140
3782 366
4623 5052
3402 3616
5890 4673
4627 5201
4540 920
1335 5333
5279 5535
367 4135
1564 2424
4121 4142
1412 5435
4447 1616
5532 5779
2462 2715
642 5716
2403 4251
4151 2470
2358 3734
3662 3388
2873 1133
3035 2882
3197 758
1350 4011
4841 619
950 3979
4217 4903
1081 2452
978 1864
4377 5782
2614 2190
4702 665
130 2210
4543 2934
1659 4438
1528 5812
5434 1448
3976 3912
2365 5145
2274 228
780 987
2238 604
3975 3054
4093 1770
2064 2186
1002 3205
5095 2605
2003 347
2590 1704
1728 2832
1013 1466
4982 5658
4676 534
1244 1762
5171 5163
1431 218
2574 4130
1298 3884
3358 4347
140 1663
5367 4031
1990 4530
5106 1213
1370 3524
624 2342
4965 138
58 1261
3172 1532
4842 3097
4974 3882
3269 2886
5979 1946
5634 3207
5403 606
726 3612
3929 4330
3422 565
5080 5446
4719 275
1798 1231
4286 3854
2388 509
2487 3787
589 41
401 429
4673 1909
2593 1127
4816 456
3635 968
5770 123
953 15
4698 2741
3840 892
204 2141
7 2060
1114 3805
5102 2626
5443 3265
5245 2153
1731 2411
2916 356
4263 1544
1078 4407
1131 4668
5648 1721
4115 3371
737 2981
5606 5585
4886 3972
3905 5432
2164 172
1733 2874
2086 5433
1686 4170
1946 3008
3219 4885
2909 2399
4415 1516
4315 5823
1534 4372
3677 2832
2102 2786
1846 3853
4942 2337
3141 3197
5548 2435
144 2714
2280 2895
5030 1656
1437 4407
1197 1532
5533 2757
1643 3690
1558 4935
1279 2755
5024 2710
1257 1068
5283 1173
2940 3897
2343 1047
963 3137
327 1555
5606 5302
4174 620
5002 718
5978 1048
1190 330
1657 5655
1043 5749
5045 3292
2714 1091
5311 1231
3857 2492
1957 743
5682 5173
3814 3660
203 5738
1122 3266
2650 5569
4973 3708
3793 1816
2322 2087
3222 4924
4740 5361
771 2847
875 3225
1387 3899
3728 3442
5272 4203
3642 1830
4470 4595
4748 5394
4967 1219
1424 5585
3665 4612
1646 1410
1842 3239
947 849
2471 1699
1114 2990
5711 1024
4464 1683
2977 3320
3587 4118
391 5104
3794 2370
5985 1102
2160 2000
5403 3985
1193 3366
999 469
1927 3605
2119 4856
5060 5594
3707 5039
2133 4830
4941 991
3959 1885
2634 127
2509 2029
1259 1416
4961 3619
595 1874
448 2238
695 4576
5816 1566
1912 4105
5259 4035
3156 1495
900 1427
5599 2584
1439 5618
3505 30
5941 3284
61 5464
3865 1304
4072 3987
3112 1957
957 371
2041 4407
5581 2195
5350 4350
6 2521
1764 2437
838 3028
426 5548
1811 3091
5651 4694
2562 2178
3165 4436
4715 1324
3556 4142
3395 3468
498 5242
2552 2330
3324 2921
615 2185
37 1886
4826 1874
2484 3798
1445 3246
124 5369
1836 2289
2929 5107
354 2683
823 1186
5839 5414
2937 458
3459 3350
5587 1927
2945 4472
5841 402
3820 2279
5367 3122
3002 4481
5482 5335
5647 3752
5986 4209
4138 1756
3339 3433
1791 3314
1669 1416
2686 4833
2936 3141
4199 4368
3947 1178
269 2600
2484 4398
3836 2092
3178 4757
2563 2707
1443 1262
5352 869
3208 383
4497 867
125 4576
1192 1153
5876 4589
5993 2358
5971 8
2174 5787
3043 3796
2865 2841
5951 1766
2660 5528
4687 5690
365 5932
1341 3886
3325 5746
353 5719
5200 5476
2575 4803
4517 1775
733 1958
1685 5690
216 4319
2877 679
5832 4552
5659 3815
4334 907
3268 2925
4327 2584
5775 5867
984 1452
5517 2186
4738 1120
5962 3469
1456 4624
1055 2611
2318 480
4573 4101
3161 264
2524 5658
2819 3280
2292 5512
1729 3552
5867 4704
3090 1042
335 3869
3725 1234
4542 3442
3938 355
2487 4541
4934 3749
4926 3607
3425 4110
1849 3922
4786 4986
1023 2693
5422 2631
4541 2797
1754 972
4692 5896
1387 5944
5395 1510
5262 3764
5516 895
2077 269
57 5651
3014 5272
247 4443
2773 2466
1681 3461
2517 5033
5507 1498
4804 319
3014 3861
5192 117
5612 2097
90 5922
4056 4301
4763 1263
2587 625
603 3768
749 3120
4533 5997
4750 137
5324 3306
4887 5012
1096 2462
4896 2599
4403 1975
1048 4151
3217 5434
898 1849
4907 1141
1569 1331
5225 1448
2215 5310
4684 5804
1304 593
3277 1685
2569 5590
2516 792
5191 3329
3155 1550
1328 2298
215 651
512 3807
5692 3367
4477 1702
1957 3337
2321 4450
4918 4000
2928 376
312 5829
1434 1599
269 5367
4734 2112
2887 5200
1668 2396
756 3837
5246 3558
2105 5060
2471 503
169 2944
269 1226
4003 5219
1544 1429
2441 1369
5033 4325
3125 5120
3038 4505
4697 5663
4555 5130
5575 786
1956 1809
5383 4664
4361 5498
4685 1639
5866 3055
3391 4084
1904 1028
2023 1625
2781 3296
2791 2000
105 1119
5758 4064
3703 694
3103 2208
5031 4064
4799 4502
4 4616
76 2281
4634 5783
5104 75
12 5161
1514 2208
4205 29
2465 621
4058 1819
833 3603
2660 72
5209 572
5979 710
2900 5685
4071 4989
3095 3634
1529 1461
1359 5912
5649 3990
4367 525
1160 5305
1289 5620
5012 3151
3377 5939
3759 4317
1985 2107
2869 3807
2249 3553
4362 1208
1420 2573
598 2945
2951 2973
4241 3040
3429 4923
1749 4165
2888 4023
4755 365
5654 2182
3168 4342
3298 4896
5086 3011
2189 4980
4491 17
4457 3120
4481 5766
5825 630
2871 2268
1539 2007
5230 5602
5432 5989
1163 1052
2118 943
761 19
4812 479
2479 3595
5269 3774
808 3988
3841 4354
3948 4738
1319 3452
5945 203
1100 5452
2725 123
1112 3876
1446 2811
74 4634
4454 3274
2593 1530
203 4613
768 2179
815 3217
2011 3922
5874 735
4888 2795
629 4068
5050 377
2707 3446
3528 4992
4114 1832
3337 2142
5414 1043
1726 2116
5848 4030
2499 4340
1871 3106
2725 3373
2175 4278
3493 904
2134 1204
3143 2009
1688 1059
5983 2355
267 5008
4027 3231
3399 578
5502 5506
3558 3577
487 2511
1319 5588
674 763
5166 38
3623 1844
991 2599
3537 578
4393 4598
5588 5653
5111 4978
1787 2199
3248 2024
561 5220
842 1981
511 3150
985 2568
1520 3041
3419 3208
218 5979
721 5331
5765 4717
1866 2293
3157 2757
5798 4407
4717 705
4884 455
2866 2164
2566 1214
3249 1204
2484 3487
5952 5521
5252 3264
2248 4139
1236 2046
1011 5219
5357 3811
3658 1248
3119 3024
4150 2293
1840 5041
1267 2913
981 3683
2381 3099
765 528
3318 5593
4486 5260
4112 2362
190 2482
5293 4342
388 5816
4389 1407
5301 327
3458 2544
2515 3617
606 729
5655 5442
5391 4938
3459 437
3571 2648
2478 1598
1789 5556
1215 2168
2258 5449
2194 2197
4271 2504
5675 5835
5532 1172
2090 5387
895 2881
1399 782
519 4238
1643 3891
5647 4180
2086 4335
5712 4822
3936 4147
3431 3540
4241 5820
3581 4343
3970 2651
4372 3946
125 3454
3623 5392
1761 4244
4526 5860
4067 1653
5821 1860
24 2372
4650 2046
293 714
822 5022
3040 4764
4036 1755
3836 5718
4261 5211
4472 3955
5476 1838
5089 1498
4497 5327
2249 842
651 5621
4397 205
3716 645
2443 2860
2635 2396
3126 1443
1726 1145
219 5846
4517 5683
4176 3282
5311 237
1563 4670
710 2423
3258 5323
5009 1550
3304 5161
5315 1552
4306 94
5418 2820
2352 4607
5307 2472
3803 4542
1921 611
1823 5335
1206 758
2869 4681
3182 3061
2760 352
4200 783
1564 126
247 1202
4035 4611
5204 1836
2293 4296
5494 4447
3725 5407
1620 3198
5561 5625
4009 4033
1349 4980
3264 808
3123 1685
602 4969
3056 1069
3132 3531
1132 2985
2078 161
3088 2919
794 4912
1433 2453
4056 5743
1522 285
248 2514
1193 2831
5328 4940
884 469
4041 1527
2526 4601
995 2022
5988 4813
4956 5681
4075 1516
2965 181
494 325
2013 5818
36 4209
5838 5952
647 5514
4116 2472
2265 1618
1486 2904
4805 2332
5850 5705
2700 5471
4317 1218
4642 5698
924 5003
264 1069
3143 3711
2163 1080
4017 289
5665 2169
497 3980
1197 3681
3578 2443
4449 1319
1741 3072
1812 2068
5963 3242
5048 4279
3199 5125
4890 1781
695 1444
5773 5429
745 5430
5534 4606
3953 3928
4813 2940
1072 3759
455 2915
863 4781
93 4563
2662 2027
4022 230
1009 5821
4335 1855
1163 2570
5750 3386
3877 5513
3244 953
3773 64
1963 5016
1746 220
4970 5833
603 2493
5412 2802
3781 3048
3612 2701
4499 1931
2510 4747
5134 582
4587 2258
2691 1068
4283 4100
2376 3932
54 330
5195 2833
3820 4605
3715 1576
1311 5831
4379 5467
5965 3704
4378 5018
954 2445
62 4562
638 5966
530 4762
5367 3050
847 5244
658 1308
1700 2482
2706 4262
907 1386
2532 356
383 29
2977 4784
3552 4577
464 479
2695 1005
2572 2144
2693 4031
2084 1219
5089 5385
3278 4176
141 439
1327 4066
3712 3888
1828 848
689 3282
292 3226
805 544
4598 678
3969 5685
532 3048
4532 5504
2283 4223
402 4663
5288 3643
5908 2501
1848 4895
3734 2083
3844 2036
226 5903
5919 3525
3993 900
5670 5777
3779 4623
5632 2441
1788 3995
5831 387
5620 3090
5760 3183
448 1235
2021 904
5638 76
373 5576
3307 895
3395 3130
2661 4550
1127 1909
1395 4386
3742 1412
742 5966
836 1297
2798 2881
2831 748
5499 4649
4147 5887
5061 546
2270 3814
977 2251
1612 2250
243 1969
3786 1691
2250 3420
460 5621
4833 1403
4823 2283
547 3050
3356 2352
2376 115
1844 2328
3711 3086
4984 1031
1314 333
3938 5273
1837 4047
792 5429
3600 1863
3028 3687
3440 4398
2319 99
2096 455
5169 2752
1872 1080
1419 1344
2502 2785
2024 5888
3870 1866
382 1419
3932 390
2492 1
2336 5545
4621 597
224 344
3729 3583
4996 773
602 5211
5800 3241
4639 2131
5887 1183
5052 2634
4545 3578
4347 5376
3184 4043
2504 1666
5681 5063
3004 1263
5172 3559
5650 4370
4718 399
5118 390
5765 4750
1841 4533
2784 758
1874 784
5907 2246
5107 2636
862 2749
4296 614
3755 2393
547 67
5425 1260
4007 4867
828 4023
2275 1650
3406 2753
3241 1677
1474 5257
1356 4458
5848 5555
5616 4483
5028 5427
823 1490
5201 1415
3539 2557
4856 2684
3073 3344
5186 1901
411 5929
4609 3268
5979 2278
3903 3661
3486 444
3511 468
78 690
4464 4890
451 728
48 2153
4018 302
4404 3524
5210 870
4778 2627
2817 2224
3200 5091
2893 1235
113 4670
2857 4755
4885 3492
4356 717
1461 3453
4880 1362
2875 3326
2439 5837
1573 5226
3555 2927
1349 2271
4988 611
38 5025
5516 1338
3713 1777
4750 1807
29 4839
3382 421
3530 5595
3216 9
3901 862
3848 4723
2946 423
3954 2250
3485 644
4089 1131
5005 2734
2596 3813
2131 993
646 4460
4155 4489
2654 279
5285 2097
4026 1382
4314 924
577 5837
2940 5475
1135 5995
844 3912
5948 1724
894 1380
2028 979
300 1201
4712 5293
1490 1778
2567 4218
1627 5763
3096 365
487 4305
2737 3722
416 3736
1903 3915
2493 5450
754 5949
1778 2289
1958 3619
4344 1619
4602 3017
1589 3180
2772 5490
2666 3406
2900 4515
485 1710
1779 3797
4913 2114
3557 2269
5305 4474
250 4510
3777 5203
3020 2503
4042 551
5143 1301
5412 3557
3398 4647
206 3456
1960 2905
3988 749
2565 4078
4703 3008
2684 31
3428 5008
4055 2216
3103 5851
573 430
3801 220
5064 5245
5094 4406
5149 25
3532 5287
3959 5947
2485 5784
2621 413
1455 3507
1508 5541
5864 2066
1268 4473
833 4223
171 5164
2141 3590
5241 5236
2314 4194
1558 3454
3100 1497
4766 5113
3123 3497
2479 4435
1363 1083
2047 3724
674 1201
2673 2500
341 886
4318 4648
4726 326
507 5427
2534 1271
2298 2243
498 3425
5396 4270
5191 2386
5844 3248
4836 5823
3657 53
4193 2370
1440 797
1907 945
3171 4426
1211 2991
2715 34
2918 2234
3100 5155
3754 5886
4263 1784
3720 627
3266 2712
4577 2128
3103 853
1817 3202
4094 3381
3886 2717
2762 4382
2908 5724
5895 4995
2809 39
2568 555
987 592
125 2642
2466 5735
287 1284
1743 3266
1825 4561
5151 3279
2672 4671
1726 572
2857 3653
5015 2963
3492 3376
5371 2090
2357 1994
4560 1555
2305 5842
4448 1582
5958 472
3678 1157
2546 2995
5988 4563
1885 1754
2234 4155
523 2049
3622 5353
805 1967
1583 4356
1337 1121
3908 5761
1159 3504
2456 5996
1732 2435
315 646
1297 5114
661 281
566 1737
4105 5644
2595 1196
2799 5059
4809 3350
513 958
3382 2022
5510 5645
2584 4163
289 1796
1742 4869
819 2500
4290 899
3883 5502
2756 1588
4782 1360
2959 5369
4385 1441
5072 1244
4194 5132
2467 1783
2793 5315
5431 2938
1878 2715
5499 1763
5257 1961
2249 828
5760 1595
5338 4313
1781 31
5905 5424
456 3424
4503 4081
3822 4313
3026 1502
4508 2571
3939 3733
2643 1197
5262 3950
2004 116
2548 3924
5479 2019
5100 1055
5453 4590
1105 227
2447 2870
2815 4940
4182 944
3310 5343
3993 3835
4989 1578
1339 5234
3483 713
5932 3203
306 1473
4741 3432
1106 5911
1062 2116
5256 5575
2715 465
3232 527
1627 3541
2196 5177
1676 5798
4393 4868
2621 3549
2494 3252
5880 4911
4639 3646
3732 2832
5411 4111
4308 2388
3296 5997
697 564
4119 4951
5032 4622
2860 5230
5477 5846
5630 4463
2044 1609
5672 1737
4421 2101
3925 5095
4043 3201
2734 5783
5408 96
4730 4204
1261 683
4272 658
1774 3789
565 4061
58 4959
3235 3684
2394 1934
3384 594
4696 5817
3368 1288
2900 2376
3466 2373
5437 4344
959 5281
3981 3766
495 1092
4735 4115
349 1241
3914 2518
2260 4764
3069 4626
1318 4998
2159 3052
166 2723
4097 651
1008 573
5680 336
891 2991
436 802
4867 5275
4544 3815
3155 1415
4024 4167
216 185
803 5267
2262 5471
2901 1189
3868 3869
1905 4849
1893 5893
1737 809
4238 5502
5444 2038
917 4597
1289 4860
717 2269
5810 2089
232 3895
5077 2129
5183 627
1743 366
1338 1419
5658 1819
1722 5683
1990 2691
2224 5347
2985 2699
1233 4420
3451 5195
5842 4117
5762 2294
2770 5871
2611 5706
5793 5995
1263 3617
3829 2836
5849 2126
3332 227
461 5819
3030 4445
1439 3666
3488 5396
5036 3415
1064 3639
4598 4856
4665 1254
5540 4637
4232 5521
5291 1683
2781 138
1938 4714
574 1886
3047 5807
2503 1800
5522 470
1323 502
1580 3248
249 5238
478 974
3836 1280
81 5455
446 4105
1447 851
3144 2446
1348 4600
1563 3540
2779 2982
2975 598
2930 5789
4952 724
2098 3400
5423 4377
1191 1473
762 2459
3356 3685
2502 3508
5564 645
2119 1090
2846 3603
4321 288
4484 3133
4733 5024
3838 3578
3514 4236
2642 2345
3244 1580
5541 3646
3625 1635
5516 3857
2598 1776
4631 3564
540 1636
3938 3541
1893 4539
1884 2490
3384 3215
2730 4851
365 3706
4453 5617
1285 2568
5167 4628
2988 1803
3171 2206
987 5846
1649 22
3994 2731
4937 592
4412 2392
4062 189
3830 3431
4371 4984
5522 2276
1840 1200
2902 5775
1521 4274
5874 2000
5672 5438
594 2378
4367 4630
1865 1067
1790 4695
452 82
265 3864
3667 1
1339 4676
37 2583
748 4181
2233 2230
3888 5928
2662 1153
4343 1241
4215 5508
2226 2981
3178 4921
1822 2943
2178 2928
2616 1991
4682 5820
2825 5521
341 4536
3178 4719
5519 3519
1317 5951
5186 5462
2234 1004
5144 1065
1562 2936
3683 2279
4106 4597
3156 3862
197 3856
1632 2454
4910 2090
1103 3449
5709 3247
4039 955
1390 2237
1638 2159
2353 4135
3448 2041
940 2137
1647 3405
2948 2426
3115 5991
3877 5020
2824 3911
5782 244
420 3913
272 3845
2668 5790
3112 4531
475 1286
5183 3751
4204 764
114 1687
3836 234
3226 5728
309 661
3051 4566
2751 5375
417 539
2729 1030
224 1784
399 5265
1857 54
5165 5569
4680 2243
4066 2706
4283 3383
760 607
4670 1290
295 3785
2797 537
4908 3953
2446 1911
2846 2835
1113 808
3701 3834
4815 831
2509 3191
480 5747
1319 225
331 4902
5991 5102
3558 4051
3591 767
1328 662
2439 1190
5801 760
1246 1012
2514 2180
2619 1774
4404 2835
2558 984
5645 1410
907 2996
5657 1466
2505 4474
2485 3189
1012 75
4692 1317
2190 838
244 2318
3142 1296
536 3707
1594 4201
4752 874
2658 4859
4625 792
4613 5224
3304 2995
227 2707
3300 5761
3126 5608
824 2594
3427 5391
5656 4234
4441 479
1671 1821
1039 4313
5802 5909
3438 2193
27 2537
1828 2878
652 4758
4074 2242
5086 1700
5082 2336
543 5911
2492 852
801 4854
2638 5590
4288 2474
2358 1709
1659 3593
3369 5681
704 3229
445 162
3805 2635
4888 3816
3522 2420
5435 2065
875 1516
3675 5804
2808 5380
1010 1673
4961 1652
2473 3718
3437 2150
4011 2336
2250 3369
2530 927
4389 4288
3450 3260
5986 3015
5234 2997
4498 5575
5636 5249
1234 5720
5396 4389
3431 5500
3012 3753
2211 1356
1236 2383
140 761
1074 856
4205 1617
5526 3979
2927 1539
4890 3391
1002 5978
151 3397
4186 2954
2169 2824
1578 1809
4450 2754
2857 1234
4386 3440
613 2560
2833 3268
3260 2888
1680 2743
3342 4713
4517 1687
5741 2441
3181 3915
1084 4585
432 5592
3045 2372
4871 3425
209 279
5884 2840
5236 556
5106 3793
3785 367
765 3579
502 3939
3357 2311
5964 4624
4761 1071
5889 2270
5856 3453
3137 4075
2257 5977
3001 983
412 710
5623 1266
4413 1252
1240 2732
3400 2636
5153 2449
1055 479
3754 3394
3179 3512
1429 2655
4557 4345
3594 1255
5862 3169
3244 3997
3718 3623
3837 323
902 2241
4528 1926
5529 5619
759 1796
5000 1133
5920 1184
1688 619
4381 617
5222 1811
4139 5328
5663 2118
5822 1223
2849 2655
765 514
4371 545
2850 4897
2668 2389
3408 2789
4311 5446
1844 4881
1459 3686
1980 2151
5644 4620
5864 1745
1841 3811
4403 4575
253 69
692 5095
3942 3393
1737 1654
1292 3359
3596 1310
1707 1114
4848 4396
313 832
5925 3591
5016 4028
4575 1566
1134 133
198 4824
4194 5911
693 5236
3140 5593
1977 4825
4204 3150
3123 2839
3481 2329
1548 2625
3314 3878
5502 4396
1668 4578
536 4829
935 4105
4776 2625
4003 540
5496 2197
2871 293
3890 3582
4117 2651
4172 1763
531 3472
3110 3069
32 527
5463 3314
4056 2375
3751 2734
5047 24
2062 2108
4020 938
459 5928
844 4870
5908 5930
2154 4049
4850 4005
5635 515
4995 5456
4518 348
4487 2581
4598 743
4032 2588
4798 5504
1006 5761
2777 1399
2266 3632
1500 362
4449 466
4928 5945
5733 5177
3675 4574
5793 1548
1078 4629
2876 5272
788 2615
559 2167
3922 2589
2453 2979
5517 3204
126 2142
4103 5176
4497 1967
5164 2580
3118 2024
4132 2380
2284 3509
5917 4681
5961 5290
4432 2627
15 4649
411 4237
538 5893
2377 2042
1057 4543
1027 4060
1009 4966
2250 4864
4458 3008
5151 3952
4215 3921
5697 922
5603 3694
2122 638
3906 4600
4029 3335
2649 1871
1940 4625
4893 4439
4156 4823
5841 3418
1739 2117
5532 224
3075 5577
2826 3413
3370 4425
4351 5316
3444 1942
940 5048
2625 126
2799 1878
3148 1391
5939 4341
4997 1206
1564 728
4736 3163
514 4625
3938 46
18 2039
2127 5377
3555 3824
690 76
3792 5384
1152 396
4959 3798
355 5475
5062 1770
3310 5480
2358 3492
5579 903
4682 5292
3524 4152
4597 5939
2467 1495
2058 1735
4666 5496
2554 2404
1066 2294
24 2723
2844 2819
1165 3345
4009 2481
5432 2165
416 4347
3037 2665
3779 1557
5910 752
5269 4713
3503 3779
5838 3971
1920 3522
5268 5147
2384 3605
3056 5756
3882 4716
486 560
71 2345
5414 272
5393 4183
2984 4354
3873 3619
2897 3655
1527 4643
1271 1800
3973 5815
5012 1432
1036 5750
5379 5497
5594 5637
2250 1293
1618 4353
3085 5714
3245 2471
177 1965
1614 3370
1893 3172
2844 3036
446 5742
2755 4028
148 4462
1461 3769
4260 5039
1257 4487
3384 2954
2225 3078
3634 925
2455 4610
3975 2624
1760 5846
1724 5931
405 5028
4222 572
1192 4061
5557 1796
2666 5242
5007 3917
5520 976
787 3442
5140 1371
4480 148
2995 3232
1098 1364
4479 2617
5230 2543
1325 1080
4781 4127
5922 2722
3123 5059
2249 2677
782 885
4238 3454
5630 1242
445 4324
4529 5392
2447 1463
4897 3789
3165 3404
982 260
1449 904
1578 4985
3391 3060
550 4085
5303 2983
2154 684
3066 5529
5509 4831
4162 685
141 3872
2276 659
1908 1554
3435 4937
4978 2307
4487 4373
2611 4880
389 4218
450 4217
852 2304
5739 1993
1655 323
3542 1266
1170 1830
2731 2236
322 2689
5039 5708
3570 5044
4987 2526
775 2564
522 3760
730 2092
3656 3592
4618 1646
2427 4967
599 4614
4151 4514
3035 164
1723 2294
1068 1789
2057 5519
5420 1466
3289 5811
867 5469
2898 1337
2918 5342
2925 790
5160 1095
323 2642
1470 4748
5472 5300
2633 5064
1532 3031
1932 5242
1979 4797
291 5217
5286 5941
2591 1806
1325 3567
523 1454
122 978
115 1859
1929 1200
1058 753
2655 804
5306 1837
718 3960
4106 5361
519 3959
5740 4876
4481 5932
4906 220
4668 4774
1877 3071
3681 5511
3368 2411
5387 5036
2221 589
2140 875
4108 2113
140 2951
1785 4139
5365 155
3593 3945
3987 635
4527 1256
5201 749
2552 4104
593 2606
3335 2353
361 5924
2585 2950
732 2330
5872 1999
237 2108
70 5678
1408 2514
4167 597
5919 1012
5242 644
4836 3907
3692 2216
2060 5741
5837 5532
2793 4571
1316 4253
566 2308
4488 5755
4397 3175
1242 1795
1208 2873
5328 1915
5741 334
2266 413
5263 4843
5354 506
5755 2519
1919 2566
1033 4302
2079 1252
4457 4594
156 2634
5467 3980
5111 4757
5157 3151
1149 4319
493 4045
444 2120
2177 1278
346 2344
621 1300
5435 5705
2999 2475
3813 1602
2052 1453
5881 2883
1525 684
1300 5038
3431 1076
4833 4582
910 4853
2364 4711
4550 1539
4428 5298
5261 3285
2301 5307
2362 2331
4236 2893
2831 1179
6000 5501
1889 602
555 3952
3118 4913
45 2862
338 553
5721 3030
5106 470
233 2984
3193 583
3353 2478
142 3422
1273 5633
946 1166
2178 5224
1405 4299
4734 3264
2433 5512
18 2309
187 3112
490 236
1347 1203
2302 5505
698 5350
3302 2311
5932 4700
590 1467
675 1293
4667 138
5120 5401
3565 520
2141 4169
2389 1883
4117 2135
1734 5999
5936 5408
4570 5363
1975 636
4655 3826
856 737
4364 901
3708 4141
671 4536
237 3022
4189 4536
566 2168
1539 1467
352 5215
4279 4502
3111 4547
1621 1059
5935 5619
4914 3381
1422 3567
2455 285
3758 751
2003 4331
3236 1825
1028 3746
1718 779
3306 2380
799 1189
5405 2484
1813 3286
2015 3157
3512 684
4420 4151
5544 1112
3531 1815
5222 2674
2743 3693
1544 342
716 3807
5941 942
5562 5740
1440 4773
1345 5267
4213 419
2568 437
5393 3893
2421 1950
1389 5361
177 2018
3853 2869
2864 4880
4539 1745
4846 3419
4511 4896
743 1800
378 2674
1120 5715
3493 5739
1902 4449
1824 3821
2349 1805
2318 359
214 3641
3365 1656
3729 463
879 797
4355 3662
5579 2600
3223 3250
37 557
1370 2761
5500 484
2491 4322
4879 2130
2069 2783
3248 3329
4481 1221
5431 741
5856 4000
3036 4467
5718 920
3424 2896
4228 5502
2574 548
4404 779
4161 1735
5000 4467
4894 3645
385 3141
5993 1523
4288 3222
437 4877
174 584
85 2508
3977 2494
4791 2344
2479 18
2426 4657
3392 2043
2950 142
3626 5444
3830 785
2323 3734
469 1911
4301 1323
1358 2868
3110 5025
2804 4145
5409 88
1766 4767
5733 3110
5740 3339
5924 2845
2204 1977
1806 447
3 1071
3871 5464
1369 2459
4371 3425
1545 5801
5207 143
5488 3674
5083 5104
2223 3461
560 5462
5833 4715
4375 3628
4036 2292
887 2238
4401 2798
4565 1208
1951 456
5747 3440
775 621
230 4709
4331 2040
4993 3966
1121 1827
4539 2863
4401 3815
2810 253
540 1362
3475 4048
851 4659
2703 3046
5996 5261
980 4730
1941 5698
2111 1880
4490 3344
1697 5231
1162 1931
4503 775
2833 578
3967 3609
178 1401
2279 1814
4719 436
198 123
2673 2373
1658 1193
2799 3123
4107 4212
3402 7
987 5436
2022 4915
4442 867
2442 5935
3537 2160
4192 5389
5528 4465
2945 820
1371 4765
1350 1715
5993 5219
3178 5548
3514 5347
5011 3413
2917 5767
2456 257
5908 3611
1046 589
542 4395
2539 5630
751 956
71 4000
4365 5839
647 5600
4158 359
3657 5513
2875 2098
1359 4200
1523 746
3993 5669
1969 2258
4673 3671
1196 599
513 3585
4084 1024
1130 2197
3864 2848
1050 563
2092 3510
3497 4877
3063 480
1112 4378
4973 5661
301 51
1417 926
1272 1816
2544 4815
2819 1358
5140 1109
4050 2080
3053 4985
5545 1006
4376 3347
271 3751
5950 1803
2082 2230
3839 3554
3440 2879
3576 467
2893 5822
5166 4031
2308 1302
3362 5412
2633 2139
3834 341
5763 1382
2891 5411
1062 5554
5343 2500
3979 1268
4668 4066
5663 5748
4958 1610
4524 1929
3202 674
518 1079
2372 5135
715 3600
381 3262
657 1706
1339 2811
3106 1094
305 5947
2575 1226
2543 5787
3321 5253
2144 3331
3755 2995
1632 5769
4873 500
1104 1947
2406 666
3247 4213
4903 1497
4656 1181
1869 2013
679 1865
1224 4306
1664 3026
2895 4801
2703 3438
2000 2928
2422 1413
5903 5663
2102 3884
1563 3585
3488 5972
5837 3518
744 5490
1991 5179
5551 1200
5528 3315
1551 180
5398 4461
2085 3031
2489 4381
2274 2096
5083 4441
2496 1775
5339 2456
5598 2955
1865 418
4471 2468
4738 233
2889 1846
5212 2756
4187 1099
3119 2798
3193 150
832 5565
4386 1700
513 3016
3361 2932
105 1163
4424 2834
2314 4184
5877 3459
5191 504
1 1386
5603 139
3553 95
1662 2388
809 127
4771 3449
4278 1358
3583 4689
5701 2860
5322 1668
691 3519
848 4975
1665 2622
451 5939
3277 3212
1149 4753
5131 5076
1093 3801
647 5013
4595 4931
4615 2547
4323 1838
5412 3358
4089 563
2717 3800
1868 4551
3317 3919
1501 4055
2200 3458
3843 4076
36 3285
5770 1902
2886 1922
3678 4097
239 2325
2971 5741
4387 4748
1022 2445
2781 632
2909 928
5583 4560
2731 3618
5558 2521
3390 4233
1115 1946
1082 3013
3579 5319
1054 1813
5698 2989
139 4821
4534 4781
3049 3810
1287 5349
5712 1097
4306 1485
4803 4156
2685 5739
4039 5773
431 1382
828 120
4208 1361
1761 796
3600 4091
2966 276
3530 5480
196 5588
2627 4495
1808 1061
5801 402
2842 704
1749 749
5413 4783
4990 625
4943 4149
4309 4634
2478 3849
2324 808
4935 3448
1513 3514
1721 4965
1001 989
4418 274
3844 2021
4784 3078
5754 1487
3490 965
2851 308
3098 1814
2871 1883
4970 307
5088 4944
2997 1625
1676 832
3009 3912
514 5631
2833 78
641 796
2969 40
3519 5991
371 1171
2912 1399
2541 1231
4267 3060
4987 5802
2827 1935
1199 5059
2568 4292
610 2556
1648 2992
1266 3408
4989 4243
