10000 10000
7411 2464
4565 9911
9967 3019
4084 3535
4590 6235
6729 473
368 569
1125 4266
2974 4160
6386 8986
2889 7385
5222 2991
2695 214
2157 8113
2536 7995
8474 4731
2404 6812
7912 5155
8892 1911
8391 1389
3967 361
9921 836
8218 6978
1613 7293
5099 2787
6628 3539
7720 8028
2140 6562
7251 9475
7706 9666
2671 4936
1044 5354
562 4728
839 8941
6742 6427
3495 5371
5814 9896
1758 8305
9555 7132
3012 7719
6464 1794
5004 81
7613 6158
9982 4866
8824 606
9869 3866
7001 7197
1484 4339
7318 6065
7408 5715
1591 4520
1235 2480
3243 9611
7306 1774
3096 6372
5749 3909
7733 2958
709 1888
5127 7354
440 399
5322 6716
1743 4831
1270 1587
2854 1639
9954 7994
8784 7231
3503 1486
3282 596
1471 2007
8080 8748
5263 9267
6559 6788
7912 6624
157 7711
7552 8023
7082 4059
1712 4734
5111 9654
2669 4476
3535 1818
8590 2089
1529 2331
8911 8718
8664 9082
4763 1477
8148 5324
6079 645
4096 1599
5394 5486
5122 7757
352 7327
6068 3765
8479 9432
5571 5580
7003 8776
8406 1968
2441 1267
9555 936
5808 8372
4905 6423
7764 6211
8453 2704
8794 2474
2595 7001
4562 9158
6596 3835
3894 3852
7876 8201
2562 3635
7036 2160
2535 8168
4587 9031
9573 7152
6062 2204
7917 5361
1255 3749
6548 4547
1381 7626
3550 4541
1986 2957
9063 2386
3183 9739
7523 8929
2778 3306
9284 6102
3905 7025
7374 7558
6300 5713
2422 1963
7168 7121
1692 6955
2488 1869
5187 8353
7135 5111
5654 1053
191 5358
7369 1277
2076 7191
3285 1391
9412 2839
8113 5380
9954 6860
4365 3515
3000 7385
1644 7200
1151 6970
2404 143
8806 4469
2159 6852
9370 2092
4195 3671
153 9401
6411 2775
232 4779
93 1326
6067 8957
9788 545
6151 3500
3426 3639
6977 7667
8919 1568
8772 2970
2684 1478
5093 3360
7749 7128
1290 5383
2712 6194
1874 9462
8175 6425
8809 7187
6720 4732
4563 2360
6907 7104
6965 4602
6035 3131
7589 6365
2659 7408
3243 2397
292 6863
681 9732
4048 3574
3258 1885
3601 7257
165 6730
6724 5973
5718 2934
6130 1170
8370 2281
9870 8228
2158 3143
1856 6213
6787 6701
1185 2017
8647 9448
9270 2806
1836 9272
3005 9870
8889 7121
6922 2698
1725 1224
2364 6734
5018 6240
2844 3535
4288 3508
3139 9167
6094 1456
3810 6790
9032 4552
9043 9046
8606 1641
9813 1072
6833 7699
9404 1520
7098 3535
5312 5901
7003 9487
7212 3585
7881 551
6455 3752
9104 9442
4791 3424
7980 5646
3506 1830
2104 7764
4333 4144
769 7580
4000 4839
2889 4872
1323 3864
4585 1214
2879 7716
8657 7831
4026 618
2447 8340
9462 4299
8283 3679
3441 3706
6881 288
2670 7576
6887 9735
8320 886
975 2368
3645 6929
7451 7505
7082 5367
5426 9579
6105 9213
7962 9739
3671 1894
8824 6500
5164 277
3134 1087
3782 9329
5228 3443
688 144
1619 8272
2110 8749
6883 4343
6678 1552
1606 1061
2007 2295
9566 6034
491 2293
2277 6225
9344 1385
1717 4737
8139 5178
389 1009
2722 974
7693 3944
7913 2455
4987 6429
9329 852
6336 8421
2721 7040
8906 1188
4195 4496
3245 4222
2464 7436
2618 8384
1082 4337
6341 9005
6515 5093
1261 3676
9968 2233
2721 8824
7749 3028
7236 2693
5572 1250
7767 2394
5490 570
2160 3507
692 8364
6886 1638
2126 5299
3007 4708
133 8926
1081 5541
7033 1747
9609 476
4149 9771
2844 7686
9017 9278
3156 3441
3641 9785
6087 2321
4577 4158
8676 2975
6438 2745
2467 5363
5843 7563
6788 2306
539 1024
1439 7729
1497 2392
4400 6969
7574 2444
5805 8647
2781 3441
7557 111
6708 8309
9539 1351
4224 5074
446 6775
7799 5766
5575 2062
778 6012
4243 9794
5335 3812
8606 8564
1875 2500
95 3146
5979 5226
7970 8215
5011 1252
1260 7319
6393 8209
3754 678
9985 1700
8266 7411
4912 6599
7577 7116
5886 7394
4329 8253
6869 5412
3119 9039
3186 7672
7917 1683
9970 9382
3356 5611
7695 6679
610 478
2956 957
3278 2231
7718 75
182 6521
1704 1575
1283 3201
9474 7946
5095 6541
7239 483
7010 5084
7189 9111
2703 2055
8671 1627
4343 4259
5617 7191
6970 3608
4335 7634
1810 54
8406 2164
4645 3902
605 9435
2313 6806
9535 7170
2918 7039
753 9012
3266 2744
4368 8321
9422 1079
7079 9427
3931 37
9159 2800
8080 8048
9675 327
1779 1010
5840 5415
6568 3289
5552 5682
3175 8364
2057 4819
8135 4736
7359 4485
2724 2293
9777 755
72 4953
1967 9034
905 4544
7606 1714
5672 7909
8920 8360
3162 3553
206 3602
4818 9658
8236 930
7728 6446
2437 3626
9601 9685
9446 7981
3096 4176
1668 7101
9827 7177
1162 6824
3714 1518
1878 6004
4325 6343
1354 6619
2179 3074
1657 807
6044 5002
8304 8638
8204 371
6099 6399
4677 192
4750 778
1423 4699
3823 8044
548 5301
4613 5801
3234 7676
9538 2647
1489 3182
2690 2061
7698 743
1731 145
4879 4359
4073 2495
8368 445
339 8503
3392 6693
1293 2200
3658 2215
2225 8640
6017 6611
9323 8904
6944 8590
5190 3216
2365 427
3500 4423
9688 6256
4189 3263
7957 9372
1520 1620
5698 3725
9275 2081
8441 3335
5086 9960
7735 8544
1620 637
8636 3288
1714 9249
3155 222
1763 1383
6449 5520
7347 6570
1028 3369
3936 9161
4733 2379
4491 8664
3568 8286
619 5413
5287 6500
4449 8193
8734 8236
3753 5238
5510 1493
2701 6665
2410 7214
7080 8206
5797 6589
1652 3581
6866 5059
1762 65
4214 5179
2868 8135
6088 8952
619 2020
3934 1031
8057 7476
5171 1698
5678 2818
9678 1927
4912 7044
7131 4071
7443 4418
8505 6892
5255 6671
1580 5200
836 3492
7078 1010
3843 4965
9394 4360
4925 8097
7023 4799
6381 7204
3999 3055
9677 5581
2696 1701
6947 9667
3780 3450
6400 9532
9099 2742
3668 6911
214 8321
929 7775
673 1220
9650 2074
1286 6753
4503 3801
6156 3678
6278 6802
2611 8740
9087 6250
6101 5031
7821 8043
4524 8571
2111 2061
6107 5514
1374 4868
888 1712
3695 7614
9842 9065
7011 2074
2416 5787
6400 868
4802 7302
9195 1842
1829 3438
8569 3977
7255 3502
310 6871
1869 720
119 1747
9664 5493
4123 4521
1211 2843
9729 4605
1615 7936
2899 5268
7180 5516
4903 1365
809 653
3088 8109
6513 5600
8602 1387
5600 1038
3446 6645
9080 9294
4868 2823
9814 2426
1215 3886
1262 8817
9807 5417
4224 3556
5882 8115
5855 8762
1520 7183
4858 5049
268 3347
702 8165
6818 9929
6738 2010
9610 6268
7545 3821
7968 7596
5109 2544
3972 5357
8627 4954
5121 3207
1914 3533
9205 9494
2691 4210
9082 6843
4062 2435
7244 3877
5786 7422
1819 8211
3445 1928
9122 956
3325 1155
4158 3383
7767 6293
7470 2846
5618 5741
8183 9021
608 9842
6536 4657
704 6589
9511 7952
1070 5115
7458 7186
2556 4616
3696 4505
6020 5213
2713 8760
9665 9262
4989 3457
655 7648
4253 5174
3303 5989
2780 6189
932 6174
7354 7328
4951 9886
3028 8269
8232 3168
9778 4865
9762 4888
3448 166
6366 6206
7142 9125
5045 969
2801 8992
3918 5624
3642 3488
593 2391
3197 6978
8684 1238
9513 4403
6075 3537
4262 1751
7030 9158
5621 6871
3739 3336
915 5586
7616 4832
6158 7664
4305 4871
5569 9107
7395 1610
2934 6828
6846 1632
8028 1599
9147 5459
4724 9991
8331 7856
7120 755
4460 8438
9997 3729
8034 6701
2824 4041
3805 358
7942 3593
1635 8743
9447 9147
4226 6683
7222 8369
8246 9423
9799 4268
2867 2475
2537 964
5999 1759
121 6584
3776 5013
3687 5072
1954 9786
3136 5836
3865 2543
3033 6466
2901 2869
3304 9105
2932 5394
3375 4699
4300 9386
9912 1030
1469 2750
3333 8342
1866 9976
715 4538
8195 2554
9203 5604
5276 7317
7734 2652
3492 804
6354 9509
6613 5383
4387 2595
4934 1341
396 7299
3418 5256
3389 6717
4244 6327
2612 9049
6683 8330
2058 8133
3896 6880
3131 3474
5670 1730
8877 4153
9844 5314
1302 3230
1717 7868
5767 6714
8998 2585
2569 8889
6807 4512
3786 6174
5301 9174
8291 9183
9153 6181
8063 212
6301 6617
9853 4561
5440 6595
3035 6033
6721 5145
8010 4074
7031 20
3638 7321
5900 2374
9298 6960
7895 8617
2437 5711
9084 9272
8971 2945
5771 637
738 3282
4375 5128
3703 581
9092 1317
7386 6401
5000 5412
6294 9364
7002 3070
6866 9545
387 8939
6318 5126
756 4094
2739 7520
1610 1689
993 2266
8901 9362
9575 4763
2997 5423
7124 8295
1642 99
9327 589
2698 2263
5753 6418
6567 7679
3524 4489
2157 1513
3727 8536
363 4255
4270 7663
3473 5383
2664 9866
4572 7949
8594 175
7534 6026
8419 3441
1572 478
4111 5292
8299 1002
2631 554
6040 8124
9776 6043
9210 3251
7881 3988
3000 934
5712 942
9963 5173
4770 3668
706 6758
6541 7447
3596 3823
8266 2836
4283 5278
2441 7975
8788 8585
4118 872
7779 6652
4972 8807
3651 7181
5303 4910
9019 5691
924 2062
5750 2737
1540 9658
3222 1922
7590 5003
3965 8988
5076 5747
5452 9099
9982 5840
2658 6468
7113 9129
7917 2301
5821 6772
6695 2139
7834 1698
8602 7560
3996 8672
2052 8823
7275 9168
4444 9775
5984 1050
1394 7936
8065 1842
6465 8935
6400 4813
5275 3403
2000 7122
6864 9623
8824 7178
2417 9512
337 4670
4177 9556
6025 3661
4982 9434
5904 4540
4644 8876
7677 234
6916 9825
6726 8861
5732 7
45 3779
798 3977
154 9131
2852 8529
4623 5933
8730 4003
3055 5533
3360 9440
5406 9494
4796 2266
2922 6789
7681 4380
8371 943
4542 599
1648 8041
6655 2196
1810 2128
1153 2803
9543 1757
256 1343
1977 1663
710 6943
1672 6630
8707 9796
2204 6959
5922 3657
3959 1668
3138 6489
2965 4087
2692 4092
4777 9674
673 8137
3447 4805
3094 5198
4493 8609
4027 9745
1099 4460
4252 5057
3298 8724
4361 550
7697 9744
7627 3269
9601 5052
1316 9752
8142 9786
9125 1410
3255 8146
8706 932
2501 5610
3541 6894
2307 9398
9062 2768
8721 139
5427 9892
386 6296
7840 3598
7610 528
8612 6092
4591 9731
5972 1251
3237 8135
1596 5806
5192 7812
9114 8887
825 1886
5588 3632
6236 3775
6424 6801
2491 9005
7968 8007
6880 1954
8966 8143
5351 1924
5191 949
9380 9303
5732 3937
8305 5025
110 3162
1806 1936
9472 4750
9156 4809
9499 1986
9900 7606
8897 5446
7471 6924
5513 4654
2658 1632
4446 152
2221 5966
8308 9633
2771 5125
423 1137
9759 9027
9468 1274
2886 4624
120 3313
9534 10000
3728 6565
6395 8591
9104 9529
50 8831
4128 3865
3353 3340
5602 5519
6396 1370
9491 1597
133 3695
2674 4661
9246 8065
5197 7256
1892 30
1677 1054
581 6808
1657 2966
7785 4394
4845 6019
339 4457
5058 7394
7263 4761
8918 3591
6793 1741
4772 3261
6974 2208
2285 4911
6536 8230
5171 474
1473 6802
9731 3836
6484 3894
7171 247
3875 1042
3931 1533
6317 521
989 273
5232 9139
2929 8116
4361 6205
9652 1114
2448 7278
6910 178
5335 6304
9547 9230
7500 6545
2949 4278
336 5721
8119 5878
5152 3944
7735 8890
5021 6827
1766 6704
3764 8871
12 1276
8606 3493
166 4893
2012 3462
6238 6258
5261 5921
8675 6950
1558 5343
4324 245
3809 5493
5472 8848
8785 1132
7201 5403
6451 9592
6067 408
2609 8777
602 3446
8578 6477
107 501
6425 4233
6987 5173
6779 390
4043 7411
2268 85
9000 1126
8900 3994
6430 7722
7872 3980
545 2464
7200 5507
4093 1307
7683 1441
7054 1850
8127 8601
3633 7278
6875 6407
3722 8892
6468 156
1424 1528
9064 403
9848 9572
9461 1507
357 9922
3428 5491
402 9323
4548 5916
4166 4631
2176 8762
357 2944
4248 2365
5554 6673
32 553
923 8893
1003 1684
1219 7557
8829 973
2246 8911
2620 6543
1523 3970
6593 952
4629 6424
7128 4590
5499 6236
2762 4435
8020 1052
3994 8850
5022 1203
8135 6518
8456 5637
1049 3087
8686 4984
8913 7516
7696 11
2059 2976
7287 2527
8700 4254
5958 8636
6128 9295
1801 5601
5262 7261
1411 872
214 1594
9661 5872
1753 2093
6319 8927
8988 5053
5801 6915
2522 3115
7089 3397
4775 903
3789 4552
6719 3375
9668 7648
7796 2294
200 1842
3848 2563
6241 8614
653 4775
250 2529
4478 6867
9545 2054
4877 9272
8198 4714
5005 5003
1272 415
9129 9462
7822 1178
4485 9775
283 8628
7858 2789
2261 8724
3815 4335
371 3217
4319 8829
677 2657
9364 6907
4206 12
4436 6729
9130 182
3270 3795
4556 5395
7568 1572
1807 406
8598 6848
1728 9982
1766 596
9450 3594
5619 2795
1715 874
9099 3769
3117 8002
5170 7987
5317 7240
3779 4267
7612 3608
7011 3225
7051 2529
6143 5693
5747 5828
5271 4949
4030 8923
9900 6638
449 3781
1166 8004
2168 5781
9504 1604
2713 825
9192 4170
8354 1442
1336 705
676 4831
3034 7316
4103 2572
3778 3324
2593 378
9752 1680
5968 7094
434 4840
7791 287
7939 4694
1488 8023
8089 7787
4409 5468
9984 5976
9368 907
7041 6204
6410 4988
2602 1098
2676 2462
9495 5779
8866 607
2317 8203
3662 4649
6335 9241
5837 1208
6448 6537
466 9213
6045 7774
2805 3316
1997 8848
9889 3323
1625 3359
7833 3215
3541 2599
5706 9988
4246 3038
9245 6656
5630 3080
2817 1479
6486 5257
5875 874
948 4064
2210 4810
8702 3377
2801 6455
407 3893
84 607
3568 910
1120 6542
5327 534
9088 8785
7693 3952
5948 2585
6324 4980
3133 6273
98 3765
8984 9165
7674 1319
1851 1804
4589 3954
5618 3565
6357 3848
4597 6874
3003 9558
9498 7907
9428 7758
2003 2882
8880 8791
7688 4422
217 137
931 67
6006 6616
3638 8428
9734 525
8856 2989
6384 4997
544 2744
4473 6038
9683 5991
5955 9455
7890 8957
7962 5602
6394 1603
7403 688
1236 1824
5764 5681
2261 5541
1093 4656
4956 5645
9351 4538
6254 412
7768 4604
1891 6683
9475 8582
6313 7619
8595 5693
9691 6681
9791 3245
3165 5455
5611 69
6650 6499
4493 4245
9088 3558
4153 1685
7607 7606
2930 6348
1983 8317
2615 3245
2358 301
3221 3978
5530 9625
6642 6613
1838 5203
5175 660
7180 9904
3578 2307
2456 8844
9780 6251
617 7625
4572 8984
5078 31
6532 4383
3094 386
2545 7279
354 6783
1544 3237
3666 5049
6031 1749
8288 8538
3879 4170
5698 4210
6719 5537
4117 1233
9471 1561
9922 5057
9846 6864
6516 5596
5173 1936
7385 184
3707 9387
10 3598
4404 8824
5321 8136
4705 3693
2747 6889
9240 8633
2591 9874
7141 7901
3380 3936
4119 9285
993 1591
8290 9517
3307 6085
1710 7537
9468 4417
4870 7993
2464 1074
1561 8524
2015 6115
3736 6443
765 2220
4752 6576
8900 3714
149 5546
1586 8013
4563 7804
160 6429
1624 1513
4017 4586
605 9219
9981 5355
4897 6428
7807 2541
6204 6772
1079 1317
832 540
5661 7960
4158 2672
2080 536
5232 9367
5099 2847
2319 29
1312 636
9468 8615
1776 4868
8154 8074
7998 6497
4218 6647
340 4557
9761 230
2421 6499
1448 5749
5718 2121
8144 8337
1161 1784
3860 4252
5196 7922
9168 3979
5089 8326
6983 922
5701 9210
9302 5068
1189 5155
2094 3898
2179 4901
9970 7337
8868 171
4083 7252
5399 9858
8468 720
7704 8518
4487 9001
7302 7601
948 458
6606 5254
5117 8845
1244 5415
6072 8371
2417 7458
4057 6240
9177 1248
9201 628
567 5333
2278 7864
4143 5647
1205 7294
7346 2053
4544 3333
6205 8147
5501 9901
9412 9465
8766 228
2151 1473
9982 3524
934 1466
648 6199
6791 3326
405 477
8625 2317
6417 1939
3974 9195
7764 8576
1619 3564
7988 108
9141 6759
3576 6794
438 7750
1005 3281
304 728
8643 6828
8313 9798
5751 3046
6104 8092
9386 6604
1344 949
6953 2256
138 6190
4741 4444
6490 6375
3980 1730
1549 578
2890 8718
8761 3121
8087 8305
652 3217
6914 2639
9525 6322
6359 9098
7160 9319
9443 140
7041 5532
7297 2334
3919 5828
957 4449
9696 1799
1284 5009
8967 2153
1504 540
2997 26
3483 4518
1485 2162
9563 7146
2469 6768
9991 2308
6660 4115
3889 7752
6895 5661
5063 5581
8032 195
4758 3896
4630 3576
4001 2373
6034 5621
1543 4955
8878 3621
8609 5260
4117 6116
7892 4012
3139 5879
3071 2060
566 4868
9899 8406
1415 3402
6472 6909
6391 6008
5546 8847
1788 7711
247 3694
3309 7234
9676 1734
7856 8631
6430 147
3554 3940
978 1861
455 3544
4788 2844
5855 4665
946 3696
2839 4176
8218 2759
9189 8695
671 9027
4721 240
3411 909
2820 4467
5474 2740
9482 9682
9997 6798
9460 5095
4100 5703
3971 3960
2391 603
5022 5379
417 4224
1931 7232
7402 2320
7446 3510
4721 891
8944 9955
9786 605
691 8180
282 2003
2491 3933
6673 9158
562 8279
2840 4336
4611 1560
8206 2925
5892 5576
610 811
8787 6615
2697 6524
321 3141
5790 6173
8502 8136
3539 6933
3682 3661
465 3910
3303 276
5475 5167
2020 5122
8213 1687
9191 8433
9328 2500
7589 1871
7535 7561
3574 1701
653 5167
2707 4893
7302 7751
2542 2789
4614 8914
4959 7658
9815 9251
4824 4978
6686 5814
8531 2897
408 58
368 8073
2537 9341
9423 4086
2676 8519
2307 3489
7435 9678
8010 462
1762 3436
7125 85
5141 2853
7038 3783
8082 1225
5986 3832
7290 9461
3845 4856
5572 4303
3302 9141
5120 2058
2190 3878
4013 2293
4105 1496
5959 6190
9383 3122
3354 2808
2374 2374
5994 4542
2903 2650
5602 6321
3348 5194
2724 6072
76 4785
1745 7722
9493 2928
1439 7436
3313 126
9769 654
4412 5025
774 2646
9578 3697
6360 4806
2050 4073
9306 2760
2353 4490
6761 1192
6706 1564
4503 5819
8893 9069
3188 6627
1885 3878
2822 2124
436 2236
9690 1303
4060 3771
8486 3287
9159 2369
8117 1465
6467 284
2422 6065
216 6869
1145 5920
396 7541
8212 4606
9303 3408
8837 5798
5602 3220
3098 6945
449 7636
1971 2049
8870 2028
6910 7699
5979 5604
8057 1943
7978 5955
1101 2
7549 9944
2946 4559
9018 5499
3386 7227
1827 6229
6903 2502
5332 2316
7562 1136
4007 6271
323 5699
3665 8317
3682 7827
5966 2246
246 1291
6306 3717
5575 4351
1861 689
7141 9631
4034 1813
9694 3658
3910 2699
1670 8319
2408 1634
3468 9421
2918 960
8428 1943
3222 9785
4181 3563
9581 2869
5346 5656
6631 8135
634 9837
6456 8216
4026 6053
2995 9707
5908 8362
4050 4163
604 7565
1298 8659
3028 4769
6402 4432
9997 7555
84 5325
3909 8134
5294 8926
4904 5211
9332 415
9605 591
2532 4351
7543 4575
5559 3458
8418 8273
6218 2147
4974 1440
5717 3535
4616 4824
1364 3008
6260 5810
4275 6595
1118 9964
9685 5136
435 4520
8892 9441
3758 4605
6512 8237
8727 3531
6456 1098
7789 2070
54 6290
6000 4978
1622 5053
3755 8332
9945 1543
2358 4547
4348 3422
7878 3087
4872 8516
2570 8585
2521 4117
9543 8559
608 5968
7894 5775
7079 1691
4489 3379
8166 4025
6054 905
7008 9743
1911 867
8092 2700
2177 804
6065 6458
7571 9415
4440 7721
9907 1451
8009 2831
7792 5609
4738 3457
1092 1199
167 9220
9135 9960
354 8718
100 2737
9133 3119
1518 2880
6825 4575
29 7754
9824 8223
3383 4798
9064 8410
4027 5496
8567 8321
1828 5141
6371 2850
6811 1995
9780 5611
603 2838
1259 2328
5558 1400
8138 283
6278 3837
1902 7190
9961 693
532 1033
5790 346
4899 8467
9855 4758
6709 769
7144 9288
9972 7549
3904 1863
8325 1183
6157 2308
2987 7623
9780 7905
7809 7870
5487 6642
8862 3871
1405 730
8066 2083
1995 660
506 8860
1454 5
3401 3456
9336 81
2315 1602
9856 9549
2857 1746
4332 8491
9705 6974
3617 4626
706 2931
9925 3052
9717 5559
6704 7940
8103 8647
137 9670
6745 7147
9978 6737
2066 7056
3461 8687
4449 1205
9398 441
8143 7852
6773 1366
2842 2303
5767 9650
5430 3643
4603 9488
9352 5809
8210 6044
2872 5630
3779 1043
87 2812
3365 2310
3945 7055
9966 5668
169 1740
1767 4543
2847 5805
6683 1610
9584 339
4055 1219
5268 1140
3465 6023
3334 3529
4536 6947
7464 3545
7936 3565
6738 2407
735 6745
5647 1896
9286 4162
1701 4259
6668 3956
6720 3854
4432 5704
1099 8887
5709 364
2302 3249
9373 9462
5311 2960
8124 917
6229 3032
4486 4546
8269 8817
5192 7933
6059 2209
5091 114
4280 6226
9422 6161
976 5585
6309 1842
1363 3038
7190 7651
1723 3391
4772 7830
6737 2990
4449 3539
718 8443
5245 5101
5132 258
2438 124
4612 7544
4549 8739
4951 7718
4096 1355
7556 6012
8648 2901
4697 2078
9819 3211
4014 2038
1635 7196
4084 1858
646 6313
8424 1998
3408 1858
895 8966
2529 2383
8026 8417
1503 5032
1533 9581
9999 9759
8615 7591
6460 458
1471 2619
3069 2243
9836 1706
4228 3621
6865 7767
4661 8519
1991 3434
7566 4532
2807 489
6835 8755
1225 9117
542 120
1196 1890
4585 398
600 8187
3182 3273
6562 3900
2111 6629
7975 7052
3694 4569
5865 7431
9983 3133
903 601
2645 4714
5878 86
5477 3478
3954 3377
7311 4806
8497 5823
591 194
3725 8711
6571 3544
6285 9273
6076 158
7635 9619
7226 3258
2073 6924
8055 9397
3739 6974
1555 2854
31 243
302 3800
4 9276
9373 3908
8459 5760
2889 2807
9534 6125
8687 3489
5802 555
1541 1961
8762 2972
4749 4243
6247 9638
6512 3002
8464 3247
9243 7507
9069 2860
324 1156
8878 1179
4346 4403
5192 8239
9786 5913
3165 372
4068 5926
9939 7859
1120 9191
6449 7727
8531 616
5920 2000
2957 2201
6964 2909
4061 9848
3136 1953
510 5102
4563 2780
9875 3248
9652 403
770 3228
6768 7547
7367 6071
6202 7958
6578 4428
1659 3870
5312 2158
9259 4067
1405 5972
8432 9444
229 3748
9951 1188
202 4094
3843 9384
8961 9484
3485 7883
2624 6253
5978 2233
2689 6781
5566 5289
2329 4088
3810 8827
5980 1080
3394 4181
9431 616
6095 2450
3456 4984
1090 7554
2544 4858
8877 5985
3550 1237
699 6283
8386 2512
1425 1951
2358 5991
4464 1571
152 6240
5474 1186
7343 1898
8287 264
4700 8900
8716 4257
4736 3866
3003 2846
6891 1567
156 9693
3207 7708
3328 3805
3938 2207
4384 6821
9229 8559
6809 4078
8613 4875
8405 9085
4755 9091
5354 1938
3642 8590
6144 6769
9836 2948
4859 281
3705 8124
3912 2266
4557 2734
6311 2767
3247 5326
4976 7631
9581 9583
7846 6246
7895 8275
134 6955
7374 4297
2759 5517
5689 5562
6855 3069
6918 7162
8579 7209
7760 4660
2312 3857
1528 7947
994 5052
6751 4222
6535 5120
1457 510
884 2970
5189 1501
6875 5476
2411 2338
2596 7517
6312 3160
6192 5107
3112 564
169 3718
8194 3539
9493 5797
2561 9033
42 5623
9883 7784
2605 8868
8351 6944
5114 9769
1936 9214
1465 7301
3914 5661
8333 1014
2219 1243
9954 6858
4628 3655
2908 6478
5220 3737
9256 4151
1422 9196
2972 6152
3273 8828
5239 6895
7243 3078
7013 5926
2102 989
3519 8266
6327 5160
5034 3505
1274 3112
5654 5423
4328 3428
4195 6164
2954 9592
675 1250
4290 8161
7871 9034
1002 4271
9629 9289
4601 9307
5290 4421
843 6889
1694 8036
216 926
6649 8372
1350 7148
754 6627
2258 4107
4106 806
7610 5741
3439 3059
2400 8939
4692 5727
9560 2884
775 9773
1637 9144
9735 1744
7268 2427
4708 6317
3194 9158
3821 2831
8828 3676
250 5611
5042 922
446 1528
984 7362
8560 5354
495 37
3023 9676
9841 6578
5643 3412
3617 7201
6368 4581
968 4225
5406 1045
3775 6076
8030 8622
6542 6645
7359 7086
4833 5863
7842 1764
2415 9197
8081 805
8124 1044
7326 9859
7010 8447
7425 1592
8640 9206
3168 7502
338 1643
6333 4059
4522 5884
3341 8406
8039 3234
2925 4491
3826 5242
4619 8913
4996 8997
2081 8439
4189 7740
8645 8175
2152 6744
7018 2101
2255 1171
1733 5187
6689 1131
1954 6134
3975 3245
3719 7683
204 99
3307 6836
2564 3561
4912 305
7069 5409
1633 7289
9398 7441
3162 8904
2125 2416
5984 2955
8531 6459
3312 7227
8648 2061
1277 7644
4689 9578
1469 3570
1855 5783
5707 4037
768 7232
9765 3002
9548 8701
4074 5774
2033 1279
1904 1586
3560 673
5603 4834
9901 6492
4150 5409
365 5096
6973 207
4204 5255
69 9685
2991 4386
8284 7758
9149 1804
9672 7692
5821 7731
5511 39
310 2341
5525 6540
5118 2472
4460 3109
9797 3541
515 485
6613 6614
3862 8278
9580 8666
9835 9672
2401 9785
5105 2074
5474 7677
368 7532
2750 3823
5315 2256
3806 1162
2289 68
8983 7890
8273 5635
6959 8067
6632 4721
8728 5781
8296 3817
3073 9278
9613 5319
3773 3312
1836 3158
8043 4891
9851 8536
361 2698
5511 8643
7295 4909
6017 6474
2779 950
5980 5852
6227 9583
382 163
1949 2971
5720 5232
227 6646
6149 9460
7583 8278
8184 4332
7899 4791
5059 3293
4933 9374
4296 1853
4651 2036
9682 5724
1600 3739
8414 9313
2403 2830
7428 452
7414 6702
3219 5486
8210 6870
7599 2615
7360 349
5987 4567
848 5463
3816 1651
5161 2845
618 613
4717 8183
9945 3232
6122 6502
510 2182
2967 7557
8626 6195
7615 384
894 1906
2135 3538
6242 5143
2743 2187
8055 578
996 5682
4407 6192
6230 5657
6668 7579
6465 3538
9380 405
6006 7597
7286 8681
694 5180
7455 2307
5680 2731
6672 5620
9015 9975
9797 445
3424 9387
9947 6950
2271 8824
7170 6968
5811 4529
7559 4453
8678 1882
7192 3651
5584 828
6401 4857
9940 1821
6597 4861
2602 6651
6593 6739
3507 7012
5761 707
8098 8677
4024 1330
3062 9449
7474 5601
3187 6026
3674 1618
5184 8590
5146 9783
6950 1023
9112 5962
7699 1984
5841 8472
9121 897
7223 6453
403 4160
3479 3332
7288 8070
6681 3087
5423 6290
4949 2160
8425 6435
5771 7683
3397 3066
3212 3821
5587 664
2061 7819
8655 4141
537 8105
5721 7499
3506 6205
3091 4621
4953 144
9042 2787
9536 6853
351 2060
9863 8712
6437 3604
3066 1238
696 3483
9454 6603
4207 1386
6631 1812
7912 340
5363 1638
7968 405
3976 8647
4679 7203
3356 911
6618 4261
6553 5773
2269 1806
8038 7972
9133 41
7191 383
8104 2381
6940 3895
5681 2490
8694 6175
6888 8934
4586 4478
2561 6940
783 5472
7428 1038
2971 6860
840 7098
9909 3237
7657 9851
8094 9645
1361 6504
3541 9268
9810 8238
3432 6747
7347 1730
3255 8976
3370 7606
1753 4558
2295 3751
9674 9070
1258 4806
3444 7507
8523 1159
8922 7228
4425 4241
5500 6628
5360 4958
4751 7056
6277 4385
4867 5119
2028 3117
4232 8196
7421 6547
1647 8575
6440 3158
5030 6337
9995 9947
5921 501
780 7375
5014 5869
3645 2762
9470 9366
6698 1851
9635 913
3056 634
9938 2982
6464 440
7463 3277
4983 3373
7579 4560
6192 6284
1025 704
4869 9130
796 5986
507 4264
6815 5951
4657 9617
6318 3611
8874 9067
6121 4312
2014 9978
3675 6181
4308 5504
2894 6875
2628 8689
7731 7462
5388 6133
8296 7113
5177 8480
4472 321
3568 1366
3168 6593
2842 165
1678 8181
4953 3455
8275 1559
5526 7462
1347 3914
5112 133
1907 4761
5548 1865
2618 8601
5302 9941
9406 1286
2391 547
2293 6192
2972 4606
3768 4897
3169 4322
3022 2955
3730 5378
3597 8062
8462 8502
8656 6505
3759 8777
9623 1745
9415 1760
9931 7148
1615 5250
9933 6298
2828 6281
7996 8632
8543 4093
5399 7940
6285 7861
2004 1899
4583 784
986 4951
3832 3445
8816 3284
7899 4419
1756 6232
392 8744
9904 3557
2401 4617
7253 4823
8555 7654
3896 4345
104 6233
5001 5701
6869 1992
9157 2972
5037 8514
1245 7762
309 7427
3927 9311
5634 9703
9642 1732
4279 5017
3465 1556
7945 6007
2791 1345
2492 4440
9288 9118
397 2554
1216 508
1885 3738
8041 8772
8579 9674
2131 5378
3684 8719
4944 9001
7848 5220
439 4568
6977 2292
2957 7318
8226 1612
3245 6691
5228 8771
4745 5986
3634 9227
1304 4778
1393 5391
9328 5599
5821 3752
9264 9194
1381 1267
8152 7005
534 826
884 6017
6217 7963
9527 855
9958 2592
8721 185
4801 4492
9956 9425
8282 1717
2765 5131
7102 5050
3859 2927
5243 2889
3080 2825
9321 3173
3722 2043
1403 3505
2424 6217
30 3807
3644 7453
7638 8347
593 1134
8923 2745
8223 6379
110 2577
4535 3624
1025 8027
1185 3385
5632 9318
3928 5291
2217 884
829 8766
9636 9750
6110 8383
6814 2311
5066 4156
1097 7581
5908 6211
8891 2004
6910 1120
9208 4029
1551 685
651 7149
6949 3333
8274 5698
8970 9642
2114 5465
1959 1123
7040 9711
3088 6934
5878 1106
4465 7063
5834 4584
4558 2660
5603 407
8982 6000
5389 3581
5811 8350
9718 5808
1737 3203
4576 4721
9463 3830
5991 1052
7928 5471
4522 7259
7377 8822
1580 8094
6907 2069
3056 9542
4377 9003
8344 5239
302 6526
4456 1182
5025 7383
3216 3622
6701 6713
1095 9059
3756 1858
2082 1929
4317 2105
2618 2760
968 7161
4578 10000
1613 627
199 1823
8321 2125
6344 3350
2186 6244
3134 2067
3450 3196
9610 8219
3535 9780
3344 1662
6946 952
2017 6455
7156 7127
8165 6344
7113 4328
7565 155
466 3376
6558 786
5206 9321
2073 5107
979 2083
9203 4984
115 1332
2258 928
545 7960
6658 3601
5530 9206
4829 4993
2015 3600
1815 8315
719 1896
3634 4546
697 9759
6857 2973
9954 3162
5255 2614
9214 4943
6276 918
6427 4005
7229 1160
5692 3187
9615 5068
7748 6826
6340 8982
8189 3712
5861 6881
3 5261
4922 6283
7604 8427
6785 426
1808 738
7793 9329
5427 6636
1221 3438
3125 9996
3583 2818
5156 862
8567 3495
3677 6295
7976 3020
2956 8758
1275 321
3667 3625
9626 377
3927 3632
560 5806
2484 8861
6277 2390
7387 9462
7243 5619
6107 6721
2426 3131
1815 948
7547 9914
2959 1706
8848 9152
2109 6638
2553 1442
6149 865
4856 4855
7604 9577
2138 5642
1750 4663
5109 6104
6665 6257
1248 3794
8972 8246
2906 818
2803 3553
6069 7291
6699 8501
5697 3042
6259 2686
3327 8864
6931 704
5880 4977
4265 7499
803 9722
5594 8636
7967 4873
2593 1949
3130 2449
9895 4889
7470 6754
7566 7073
955 4688
8439 7910
7122 7073
2094 5011
3955 4234
6627 5261
1664 3268
7095 8068
9066 6896
3572 3646
9016 2706
825 5531
5151 6734
9608 8661
8797 291
3366 4119
2105 3460
5329 9635
1000 2041
8637 4126
4597 5062
1168 4176
7128 4768
1455 3362
9080 7690
5076 3095
2017 6064
7845 8434
6060 112
4208 2336
9310 9772
3071 5147
1473 5688
2371 1836
5727 401
2246 2244
6827 1173
5038 4906
9549 2416
9145 7475
4555 5809
2576 9086
1982 7348
1828 3526
5325 4143
7228 869
6771 1903
7074 5369
6367 4587
6360 134
604 6152
1379 6303
8817 2305
8540 7287
4364 743
3382 5345
4233 9226
3944 9244
4897 6447
38 5670
2914 1083
4243 1644
9505 3916
9433 7734
3395 9602
446 8759
3734 3805
5454 8754
9579 9683
5679 6215
5681 3631
1819 5522
3405 7625
7448 8233
9131 4263
2736 884
7953 9650
4509 3376
4926 4183
1545 6039
4549 8094
7616 7860
3746 5824
3857 6764
9112 7607
1020 1098
5643 6166
3921 3286
4329 8240
6021 6424
3037 1949
18 5921
3712 8002
2892 3618
4241 6829
6787 821
1854 6138
9059 5825
659 7994
2547 2074
2708 7869
4077 5826
6305 3657
2563 425
7336 9638
6177 1703
7212 1152
7766 6903
686 9828
4981 4443
2142 4961
5542 1166
7686 4358
2831 6673
3655 8488
2894 3910
9976 1369
2947 4147
2483 4671
5286 8750
3779 247
3668 5963
6808 9085
8867 9400
6732 3224
1378 254
8719 5446
3709 5821
6341 3520
7197 7259
280 4526
9466 5054
3030 9052
8614 809
6459 3713
876 8946
6378 2437
1630 1329
8585 644
1727 8115
6747 4497
5699 5046
797 3703
5932 7250
6141 464
2935 2776
5286 3584
4792 3572
4730 8083
3455 7777
3944 8190
6575 6758
7694 8176
8161 7177
3890 1797
3086 9737
2953 127
8868 5779
9621 9505
7655 7573
3316 2235
2017 6133
3909 2671
8816 9743
8050 7647
243 7667
7297 4371
3797 1866
2347 5428
9755 7259
8489 3671
2155 1136
8708 7956
38 73
1535 8602
5220 6060
8492 8997
2159 8590
4244 4070
1596 6025
9638 8150
6256 3893
5427 8821
8954 6083
1845 7700
8010 2412
9428 9807
2275 6901
8862 6077
3823 8548
7045 1209
2616 8403
228 5132
7914 1550
7573 9368
3597 9647
8670 8170
1387 2823
5198 4218
9389 3528
4168 3235
63 6863
5615 8925
475 5636
2919 2920
5906 2624
5951 5304
3544 160
9188 9261
4778 8627
3548 3473
5756 7791
3109 3445
6961 3677
5867 1675
8036 2305
1733 6297
8558 1624
9248 9526
1475 244
4151 485
1083 2964
1764 635
7925 7713
5636 3281
5323 6767
1450 7365
2002 8599
3147 3188
4985 5303
1303 5186
8254 7623
3839 9300
2755 4793
4110 493
9721 9648
7364 9106
6502 9352
9036 7208
5198 832
5230 257
3743 881
583 284
5645 6274
6916 6831
2006 6531
5845 6035
6439 857
8006 213
5010 5428
2646 733
8191 3590
4374 6998
5012 7406
7686 3260
8025 1404
6318 5215
8418 3180
2281 2927
2637 8932
3789 4460
3917 2285
4519 774
821 7731
9308 5720
2599 3357
8829 5636
9773 9108
7318 3916
7820 4940
2207 3488
5163 7802
2285 6423
4036 6924
7441 2706
478 9392
4719 2942
8216 7144
2664 9135
9489 149
279 5194
4450 6239
200 1155
3212 6068
4946 9238
9983 1904
7346 5639
6942 9162
2937 8861
6878 2129
876 3722
8683 7710
8271 2393
9785 3387
4356 8954
3237 3228
6134 5121
9653 4265
9726 6013
7013 1361
193 9000
6000 4320
5408 842
1365 2367
9023 7212
5493 8672
3172 6982
2853 3080
6429 119
9050 2088
3756 4889
7583 4765
5309 3353
8871 4860
4515 9746
8274 8276
1208 1325
3377 8117
965 84
7263 2540
9018 6637
2762 5740
7325 2272
1799 3976
3323 241
1321 1583
5659 3675
4534 1277
6373 1116
4777 6494
7322 1823
7225 2757
2810 2530
9646 4115
4436 8085
2141 1215
3591 2827
3222 9239
924 9194
6507 9173
5553 7849
3441 7123
3879 247
9659 8775
8049 9842
7431 1920
6225 4417
1810 5530
9866 9591
7809 5589
8280 2275
3904 4594
7743 9421
9098 2830
9300 8307
4415 606
909 7699
8960 8343
7870 5061
4930 5796
8775 9469
1991 8556
6465 7750
3181 4127
2316 6067
2785 6992
2548 6171
3816 2807
6660 1786
3016 3583
9518 6689
1413 7738
535 8657
4193 7750
5833 8520
2969 2472
6694 3661
6224 1373
3049 49
6168 1849
417 9772
3586 8492
9150 4582
268 9602
6643 37
6254 4663
532 7525
6202 4910
4478 5495
6240 1813
1641 4542
45 274
9352 2126
381 936
1418 4012
1277 8195
641 8493
9319 3488
9832 363
6024 6908
631 7325
7996 3568
2126 5333
6955 8930
8689 7116
9019 4239
8986 4554
6335 2499
1778 4007
6539 1492
6741 2446
3670 5918
6457 3360
9026 8154
3763 1863
6429 5446
3096 1330
6241 5836
8198 4208
2051 1201
50 4406
3392 3882
4549 4561
1489 6855
6119 9177
6304 2775
864 1380
313 7369
2744 4576
8424 4378
2129 921
4862 99
713 7715
7910 3918
7766 4524
6323 4873
6913 4553
7511 9530
214 1547
8712 8361
7385 7222
2363 9950
1268 3527
7266 6565
9422 8973
6416 1733
75 8298
6348 3683
5598 1784
840 7397
1124 3627
6274 1697
5708 4939
9225 6347
402 9294
6397 2787
6380 3394
8359 8676
4155 2260
7703 2209
2971 4929
5162 2813
4099 3705
6547 6045
17 5287
383 6974
2903 9673
9093 8894
9817 9488
4341 2941
7607 464
6138 5328
7806 3298
5338 6667
2714 8716
991 5659
9365 8329
5171 321
3629 4308
3751 7913
7682 6148
9414 7868
3197 8460
5103 3635
5062 1945
4115 7679
1001 1768
3437 1862
5585 441
9921 7226
5757 1818
7987 9369
1858 8161
3508 4427
5927 9574
8770 3378
6756 350
4695 8321
6329 9873
3065 1611
5199 2688
1116 3074
5712 4340
9544 6640
1152 5397
7697 8846
5382 7506
2120 2159
772 4828
5472 3893
7257 387
7702 1980
88 2367
4194 2175
1895 1441
4031 1382
6875 6766
7643 7000
9235 5252
5661 9479
7099 6499
1154 7563
6870 2661
2218 8142
131 5882
1970 753
4625 8529
846 4987
5242 1956
2062 7611
5706 1591
6001 3204
8001 8378
2930 1092
7196 3733
9499 7415
1588 3337
6903 9041
7025 425
5123 3689
6395 5217
5421 3315
5206 7737
3895 3044
1431 4264
9076 6670
8515 8022
8011 7273
1105 8081
6852 1127
5974 7875
5282 859
8097 8271
4593 3399
9516 1816
4338 7447
9466 3822
1443 8889
7241 2582
1013 1027
1655 625
6258 4206
8192 5520
4687 2472
4464 2047
9206 149
4152 462
7140 3572
7059 6272
450 9636
4858 8770
5826 99
6091 4313
3981 229
4691 9512
2995 3127
1214 6520
5964 7167
913 4532
2257 2564
1513 2432
7828 4051
6548 6344
6874 163
3677 835
585 7463
5425 4072
5676 60
1517 5504
9721 3545
4370 5280
8234 5731
8075 6115
8137 8383
1106 5166
3947 4695
8022 568
7127 6869
5546 6732
6648 5057
8002 1318
8708 1887
7273 6706
169 3472
3169 1141
63 9698
5239 6798
5028 6586
5035 8510
9130 6779
6951 3907
5126 2857
7146 6838
5112 7977
9779 2241
2939 8816
4006 7843
5417 9268
1730 8255
1147 6559
1817 1242
2815 8098
9151 3459
3750 4401
477 1017
8853 7026
2689 2231
6830 3794
9423 7954
837 7273
6949 6544
3911 8280
6486 6322
4608 8442
6528 2145
9261 6761
4736 9946
4184 6565
3040 6405
4775 2583
4056 751
8866 2871
5258 948
6438 9420
3931 8732
3682 3216
5014 343
8454 9345
2934 6902
1838 8099
47 7497
2082 50
3557 1599
1230 6960
9748 1182
1724 3521
7029 6522
3840 6177
6603 9819
7121 784
5824 1679
5007 7760
6290 4195
261 6673
6809 4418
6869 6699
8486 2740
2363 2051
8574 3091
4558 2912
8531 680
2 4699
8142 7432
8934 9947
9446 7501
7033 6719
306 2011
9151 5492
5268 8127
5360 1526
3016 3325
9556 9925
6459 9932
7272 5026
2284 430
8463 9543
3255 2197
7927 9302
1151 207
2472 5583
2636 8502
3211 9722
7609 9896
8514 3672
3171 5409
1712 2445
2914 2645
1211 2607
8960 3589
7867 8209
5784 431
5514 8799
2269 4325
6267 2320
2723 4092
4429 777
2016 8347
1260 1790
685 952
4431 9651
1714 654
5243 773
7736 3026
3079 8271
2035 2892
2968 1243
2719 3402
7994 1054
6198 7932
1252 1009
7407 363
7273 2461
7047 2613
7492 2533
5503 8043
40 2233
6761 8735
1560 1546
8328 6704
4422 434
3579 6402
7849 8390
112 8525
6394 9241
9999 9354
147 4582
4347 5088
3789 1097
690 5384
6599 4760
5739 5030
7710 9173
2385 4031
7438 368
4659 4343
8654 5930
4249 3485
5801 1762
951 1135
2307 183
4376 322
2298 1097
1910 1857
1457 2587
7779 7455
7506 3186
3066 1548
7695 7552
8418 1768
802 4327
7439 7077
8061 2011
255 7082
1920 3144
9024 3492
4706 9970
4987 9036
6217 1765
6071 9
9456 7138
1616 7706
3011 8479
3804 6835
1276 6992
5207 2313
668 6850
1706 6854
1628 6167
5812 193
1783 949
4198 6173
9133 7729
5918 965
6282 9500
578 8535
5597 1755
9906 7874
5249 7850
6652 1079
4770 3762
1875 8395
2452 7760
5566 7839
344 4817
9163 8896
6504 2113
1191 9064
7751 7953
9474 4932
5257 5454
7433 8576
878 9890
3997 3853
8149 2908
7826 8989
3889 2863
6691 4362
2400 6485
7138 3564
7750 2297
5804 938
4571 4802
416 4204
5303 1866
8016 1821
1574 4127
7389 8389
3153 6408
6798 7656
8112 8390
5998 136
7767 5600
4695 304
9518 7483
1421 2302
7858 5585
8392 349
6643 8664
698 6404
6197 4858
726 7106
3301 9841
2916 6551
8026 6408
9949 567
5280 5121
8222 9939
1662 896
8857 1902
5461 3835
7108 6413
6031 8076
1882 5282
245 3181
6110 8331
8757 956
9975 6957
1175 3805
522 7857
5637 8795
5132 263
2916 254
7919 446
135 9981
2413 292
7613 2582
1455 1582
8666 6441
7964 3498
5296 6543
1838 2637
1276 1654
2202 6603
1158 305
258 8953
593 9168
9420 7228
8608 2349
4052 8788
6152 4216
7120 9058
5682 3791
4526 8036
3 6776
5144 9916
1273 2946
319 7903
7089 1564
9856 3631
7032 3107
9176 1379
3623 1004
510 7976
7705 9338
7941 8142
2719 4304
1476 1883
8680 5640
3268 7250
3740 3420
2645 2640
2547 844
986 2295
9193 550
9029 4045
9502 3799
5055 2078
5773 8299
5004 3680
4360 5516
345 6670
7448 8350
1832 8377
5350 1145
1035 9065
7577 2315
4707 4842
5740 6994
7882 3806
8568 2376
5985 2416
5096 6254
8042 5873
8443 6026
6144 5909
3484 9205
2055 7450
4955 8576
579 5722
6392 9152
7536 1825
7000 6921
2553 2166
2984 5884
9211 65
2367 2709
1858 1173
4613 563
8096 1490
4858 1194
9797 1127
3786 5592
2797 6784
5682 5294
3950 4125
1181 3980
3185 2190
9686 9903
4276 4762
2817 3041
9209 3653
6714 5265
1 314
6350 5155
8708 1401
7050 2635
6672 7936
6247 5286
8965 9387
4016 5168
6418 5597
6117 1472
3806 9705
2734 2648
1671 1618
6483 5867
6826 7871
7714 1230
163 9920
2154 1414
3601 7960
3906 8104
2901 7077
2825 3112
55 1376
9613 6231
3908 5768
1559 2844
8346 5357
7301 1181
6457 995
5626 47
4901 7842
9068 531
385 6505
373 9589
5740 1684
8667 4743
318 4173
6593 2038
9136 4338
2592 7126
5914 2723
489 2615
2341 2366
8088 4326
2437 156
2544 7529
6734 8324
1486 3293
9269 5279
2102 4058
727 7032
7347 760
3603 9179
7759 9377
1403 4271
3552 1708
5517 4355
5066 3669
9400 6912
9173 1504
4585 3171
6699 1583
541 6494
264 4956
7819 607
8626 2545
5861 8197
6301 2868
7604 9583
8738 6428
5706 994
5109 7509
8994 2159
9036 451
1285 615
2196 2429
3875 5860
2588 8313
496 4098
2888 8238
3137 5632
8832 3266
5598 1152
2019 5953
9235 8994
6616 7164
4563 5920
9744 288
389 4657
5316 9767
4918 2578
3440 6767
4102 6804
341 6146
6104 4946
3156 5194
7739 6924
2783 5600
4477 9404
5937 2988
1212 1569
1950 2325
2290 7683
2467 8848
5198 9988
5208 2578
9147 8449
1178 4277
5408 2726
1013 1506
4236 29
9647 1324
4373 3510
3658 6421
8597 6025
2843 889
9398 2486
498 181
5944 6640
9111 8315
2806 7891
7997 2122
6479 4949
6492 530
5135 6594
1261 2509
837 2746
6571 1559
6730 4328
2927 6511
4754 5541
2528 6232
3268 6450
273 6826
9104 2741
3102 5783
7369 3603
2960 4292
5624 9685
9483 1918
5204 7711
2171 203
7268 3254
3433 6722
1955 1265
3981 5108
287 3724
9144 9243
6050 5814
1098 3253
4650 7672
6016 8826
4979 5515
3465 9906
6405 3278
7060 3775
9777 2671
8936 5117
7273 87
3380 5882
9027 9417
8772 78
5721 347
7013 3062
3938 4471
6652 4957
6712 2176
8804 4870
1537 4312
3990 3436
3692 8732
7867 8043
4025 414
7677 6594
4293 1173
8937 2841
8602 9076
3831 4929
3793 6065
9642 1023
8560 9936
4818 9386
667 8494
7726 7619
5847 8887
5235 5587
4102 4330
5865 3138
4059 8631
7869 4624
8660 7294
6530 893
1002 4068
5218 4994
5215 562
7661 6477
6445 259
4967 452
3851 7649
9316 2068
9459 4313
9104 7892
3937 3821
4989 3984
8138 3089
4889 5402
9996 1506
416 5354
7486 7073
6181 6597
7962 9157
2726 6821
6708 3694
5238 1591
7560 537
8611 5702
314 9843
6650 5606
9847 9274
6033 9381
8845 2265
4849 4568
7126 1509
3569 2167
7834 6700
170 7146
5266 9425
833 2532
7618 6893
5654 8186
584 6327
729 9570
1854 4158
514 7405
3818 2175
4677 4126
4757 6040
4277 4175
7460 4953
1718 5253
1792 5593
3782 2653
7430 444
3554 9211
2307 3446
7313 4352
4705 1916
5482 2661
2053 223
4318 2455
6479 4351
4417 5936
2047 7377
4860 2029
3493 7669
8477 3858
265 6648
2205 2862
1453 5020
4060 4600
2512 9153
8128 2240
8201 5178
688 704
304 2292
1318 7410
1509 9617
8500 4345
4252 6551
8258 7298
127 6249
3383 3901
9294 2746
7196 9857
8989 8794
714 4728
5646 5678
3926 1942
7899 8404
7161 2383
5748 8055
7132 7392
6535 8201
1521 4827
9359 5078
556 6221
9290 5786
5490 3606
5018 924
4597 9181
3872 8415
6141 6183
8783 3192
3263 491
6926 7500
7966 3342
9602 3225
1818 5992
5449 4567
9225 4261
321 6747
9700 4277
9374 7818
1049 4964
2050 5213
5498 4259
2275 878
5920 9463
4906 6872
2146 3258
1910 5437
5928 6898
7983 8899
1250 2370
4903 7622
4564 1468
1990 6058
6195 2971
8701 8624
9502 4581
4803 5802
6914 1362
974 3765
4171 8376
345 551
6984 6362
6906 4602
5525 9980
3218 3969
6992 424
8617 1311
734 6225
3005 9624
7567 6642
1912 4981
2123 6780
4191 9987
1171 7683
3059 4206
2469 9258
9311 9871
4477 2800
1060 5500
9696 9858
5660 1771
7710 1489
8160 1801
6479 6985
2732 6320
3510 3334
9154 7775
5769 2470
2542 1576
9936 4863
8329 7047
8637 6844
981 7793
9453 9629
2733 5742
3920 3213
5540 7908
1203 9814
4208 5151
6081 2607
1909 6497
2999 5854
8342 5155
7471 9294
6327 9363
4807 2533
3796 1218
8513 7690
7527 9501
7105 1118
7209 5658
1609 9168
9418 9508
7121 1424
9715 9135
6049 4998
9886 3309
7984 4927
7791 791
7050 7246
886 8951
6671 7844
7515 5163
7829 2122
5163 3615
4658 4531
2390 9195
9598 4043
8112 9702
6688 7852
666 9485
1804 9597
3953 9755
8739 6865
8455 7809
9210 5993
6791 3839
8162 9704
5170 8765
3103 2835
9278 7511
4189 8144
4661 5076
1073 4054
6039 3559
4660 2074
8951 9037
4704 5881
2931 3297
3998 6300
4593 8576
3178 7289
5205 3953
6825 625
83 7131
2652 9197
2624 8554
364 9040
8141 9437
9463 9323
4990 4334
3079 4874
2987 5924
7227 9346
251 2743
6809 4158
9564 6305
6675 348
2642 6797
4588 3254
3534 2025
4381 1167
7296 1041
6737 9044
9620 3201
3370 9639
8708 2089
3793 7171
7745 5724
9702 5086
5373 5418
7584 9437
5274 6974
7532 4437
6949 1659
7291 3014
2384 1493
4949 9726
9512 7833
4072 6235
7312 7449
2706 6464
2122 483
4924 7309
2125 18
7786 9160
1578 3994
5044 5833
1565 384
2965 5176
2886 9979
4799 8524
195 8389
8963 8677
2027 3978
1010 2436
7542 2504
2951 7261
3473 7069
8244 6090
3963 1968
321 5351
1094 9384
2872 2403
6987 2215
9556 3913
1927 2372
3944 360
1255 9215
5075 1458
1885 5571
9590 1331
1619 9488
4614 4522
9705 2721
4568 219
5945 8203
3316 9398
2126 1542
840 2066
3869 2729
5735 2424
5708 667
226 8771
8258 602
2100 92
2331 2820
7408 5107
1025 2490
6737 559
2360 3735
4776 8932
4520 4702
1533 6774
5626 1227
576 3785
9659 4744
6945 4534
7346 2342
7085 4525
1921 9598
5900 4635
6249 4600
1092 6612
8091 5596
9310 5786
6556 8844
2942 9022
1285 5992
339 9644
1199 8344
6337 6695
1588 9287
5482 7406
1360 5065
1197 979
8201 4705
1204 7796
3995 8889
86 1093
917 4450
4774 4994
7893 4720
7848 4288
9158 4573
7546 2832
5424 9238
307 4971
274 4032
604 2154
7346 5112
9105 7870
9295 9646
5130 9566
7105 2311
4526 5336
4821 6379
7320 7420
8070 1871
8145 6023
6204 8274
2256 6195
9585 331
3885 2209
1613 7277
9757 1845
4020 9021
4284 6514
8156 5985
4406 9325
1927 6088
5885 5274
8598 2369
4396 7328
7119 5281
8804 9473
7043 4365
4709 4324
651 3390
1184 7077
5419 5864
8823 1184
4604 9596
3238 3717
641 8610
8472 5507
6000 7052
7182 6666
6991 6526
3313 774
2710 2617
3200 2172
2767 9218
1308 8972
3392 5979
6076 3165
6725 7383
3967 7828
9907 8739
8731 7425
8663 6155
9435 2588
6368 3058
7233 1264
4385 2620
6626 3863
9169 4509
3276 5374
8467 4269
9168 5074
4531 2643
3209 7480
8676 9498
5764 1778
4196 6441
8056 5732
1541 3341
6078 4431
3539 2871
9246 7412
2557 1955
8819 3241
2407 4371
3004 1196
6690 859
5312 9960
5893 1984
7255 4011
5557 5221
8594 9637
7586 2341
4737 6497
8902 6860
2906 3519
5684 6772
7864 609
9014 4956
1797 8689
9325 9246
3687 3926
8453 2700
6426 4559
8109 7277
5694 386
236 6970
9135 9454
8643 2366
3722 4282
8740 2005
4476 8985
4955 3906
4448 3731
9870 3540
1458 1649
4008 6179
4820 4163
5086 3049
4833 8386
5647 3301
6058 8709
5095 7195
2539 1305
4316 6853
131 5322
4604 1454
271 4052
2159 952
7624 9961
8081 8193
5844 5710
6766 9343
6635 3643
7879 5791
3458 5758
7700 419
2244 7572
3335 2221
1717 1476
5836 2271
3076 1557
8571 6967
5542 6261
1033 1382
1067 3366
2270 6861
4382 5464
1255 1140
5419 4280
2212 9668
2747 3116
8317 2185
3575 2349
9827 8609
5907 6791
429 6472
82 9998
3538 1237
9727 8312
6284 2080
3072 561
8620 3977
4786 2722
3056 8472
1330 6871
6296 3836
5851 4945
7242 7032
7172 8499
8122 5579
4607 3308
7071 5656
7814 4880
2537 7038
9267 7366
2130 2286
95 5906
2659 6410
6470 2992
5651 5132
3872 6844
4782 1097
6602 274
9131 7846
3484 4394
6171 8198
4726 3642
3799 9039
5512 4895
1055 4235
1801 9834
2176 2175
8413 5059
8484 5593
2434 6087
52 6513
9159 7943
6200 8338
8165 6627
3151 642
3448 8763
9317 3255
1289 7007
2833 9142
3265 9085
841 1802
2025 731
4560 2292
1455 7602
4475 4862
7564 2649
9725 9353
5578 8669
7040 9169
4859 523
4948 9690
2361 5879
6341 4312
1670 6190
4184 3809
834 2276
5802 6725
8345 8363
6575 1668
4007 1206
6958 5899
8542 9442
3173 7180
3654 4399
8096 7279
5368 4253
5938 3358
6353 6229
7768 3777
5006 4091
3980 1050
132 2050
7303 3744
5699 1601
5563 9293
821 7574
2883 354
8319 6918
67 9088
7940 9533
1543 7873
5426 9765
9762 4584
7836 2314
4801 9629
9976 7342
6038 9780
7437 5094
9007 7960
9408 8413
2559 9492
5089 3952
4880 5674
7238 4352
6559 1543
1370 1238
7754 9485
3666 1598
825 3833
6267 5256
1820 9236
5339 7067
6782 6976
8452 4000
4795 8297
3208 6667
6566 356
9615 2553
418 5307
6224 8355
1021 5112
4419 1271
1775 5695
8224 1710
9522 9261
7310 3472
8189 9437
2112 558
3238 241
3252 770
7292 7615
6307 2881
4753 6706
2067 5277
970 9086
7197 5525
431 4695
6831 4392
664 3439
1486 1394
2504 1827
2857 4156
3227 8967
1865 4477
146 8321
5869 2524
5729 7274
7472 5249
2182 7266
4261 1918
3005 8284
6751 8426
5145 9478
8450 6444
3515 7758
4621 7066
7626 5582
8797 7033
6901 9261
5249 7282
9840 5842
5060 3475
6530 7737
1736 6515
1780 1721
3852 1744
3095 9393
7537 1063
6937 4026
1596 3996
3033 9501
5924 2136
6420 1867
386 7961
2316 9807
6382 4156
6927 4814
6815 3326
7540 6489
1881 9483
286 2759
1086 7283
4997 996
4782 7697
5764 5000
3388 4928
7537 638
3023 5036
5220 3978
3280 459
7372 3769
4894 2090
7065 6569
2081 4562
1364 7595
806 4518
9989 3372
9762 2663
9216 7259
6479 9172
4272 8622
7904 9926
1761 3678
6522 4512
875 4770
5735 7498
4489 580
8187 4469
7926 6369
4679 157
8903 6895
6308 6685
6401 9753
8565 6228
7985 6483
4925 2495
6658 1174
4333 5372
6342 1738
1844 4485
6832 8130
9490 4744
4591 1478
4706 3963
5149 6588
7235 4116
8304 9563
5997 314
1110 3407
5356 5406
4622 2763
3328 7712
9487 9267
5722 1434
3640 817
2132 5779
9581 451
8546 8876
7873 2331
1773 1557
2447 6268
7511 266
952 3912
4982 8607
8266 8992
9647 6311
5598 4945
4824 9891
9941 3769
5026 9519
1464 3031
8033 146
4136 3472
5664 6847
7343 3094
6122 353
3540 5313
643 6369
5382 9058
6754 3103
1408 7762
8938 6471
9411 6353
5066 5892
5373 2081
4284 4156
4518 4520
1194 7781
4472 548
7343 4249
9087 1660
4619 670
4229 4353
838 7772
7323 8632
3964 4656
9049 4371
3221 1244
4456 2912
6923 8594
7696 1743
8986 5225
4442 8923
4821 1762
6256 7323
340 927
9119 2134
3297 528
3145 8554
1578 2309
3640 3342
9732 7907
289 5043
8006 4911
5307 1764
6095 5831
9550 6869
9429 8061
81 4450
4592 8983
8390 6210
779 4461
3604 5082
5050 4018
3999 856
290 3532
4448 7913
8420 5919
2527 3584
122 3398
5827 498
1054 2992
1153 6573
6110 2642
3584 6237
7474 7766
5461 3018
440 7208
2681 9457
9349 1825
2486 8319
3818 9267
3480 5124
167 8920
8074 3383
7593 3199
5557 120
5510 274
9229 4655
5898 4051
2436 2528
5916 3581
508 3929
9826 5892
2646 9211
8632 2065
2478 6357
4251 9973
6834 6108
994 2111
990 3326
9112 368
7387 8643
4499 293
1421 7622
349 9727
2012 5428
3450 7505
5556 5692
5721 5817
3605 27
9289 2046
8500 4668
4084 3270
5380 2187
406 8020
2064 5729
3852 1404
2124 7159
5271 1721
3719 8469
8284 2733
9283 2193
985 9392
7590 6076
4899 4352
2710 3577
990 9560
5224 2370
6853 3197
5979 380
9141 4026
828 975
1796 7092
6240 2230
5390 3532
5049 2156
761 9475
1711 774
6205 1798
7013 8789
981 8257
4447 8431
8137 6005
394 5614
2805 3928
5560 9148
7415 8
2223 5659
6917 3460
2556 8526
5038 3145
96 980
9635 5233
2854 3035
7694 7351
1705 3040
8629 7466
7748 463
5496 1885
4752 462
7076 2254
3985 4050
2792 6548
8518 4516
443 4003
9137 6063
8069 1935
8607 9367
6060 3940
5664 2124
1211 9119
5940 9603
4464 2392
1459 7164
7684 8637
8466 2450
2059 2420
5555 3446
5147 2815
7913 5520
2119 6381
9340 6095
4832 9417
6019 7035
3921 784
3470 3544
6818 1539
6277 9541
2472 3717
163 4966
8365 8796
4734 1338
2614 8398
9626 2012
873 9543
4401 4707
9107 4717
8454 9382
2515 486
3871 9565
9818 7677
2436 8541
5680 3439
7168 6315
9291 7708
6771 2433
7294 5075
7022 8102
2735 2060
9072 9664
532 9603
3818 8720
5438 9632
263 9211
7501 2964
1280 3790
8017 1455
2381 4298
4437 9411
8100 1748
9966 4530
1821 4333
5669 388
5638 9797
4464 7317
8335 947
6037 7199
3448 402
1467 2537
5437 9266
7593 1960
7364 7375
9913 6259
5004 7903
4836 314
6336 9708
5547 1506
7873 6780
4558 403
319 997
2133 2409
9841 6145
5904 966
8629 3532
7517 3378
3608 72
8822 733
1320 5082
8336 4865
9271 9743
3765 9555
1160 3478
1279 4123
6508 6463
4348 7827
5314 6906
4129 8961
2896 9289
5444 1330
6738 9334
7812 6455
9891 3009
254 4164
3490 9977
6705 3972
7857 4868
568 8032
1817 5295
2362 4162
7916 12
5155 9852
4402 1602
3205 9531
8358 9403
8456 9578
737 9562
436 9799
3438 7621
6084 4325
972 8339
1771 2186
8951 8674
4333 6410
9006 7287
5263 6073
3583 4587
5008 7863
4712 3212
4499 4143
9583 3325
67 7201
62 4921
1157 5214
1066 5910
1289 4301
6496 1905
3453 4494
350 7559
8310 6262
7343 2630
4705 7124
9132 1433
5136 5386
3769 6678
6262 2348
6802 5607
1556 4522
4863 5270
7881 5748
2281 4418
3036 1604
358 9217
8990 2476
479 7325
5418 9879
4067 9957
7041 9235
4537 6162
6911 5067
5240 4053
5393 4869
392 2014
9747 3293
4126 1514
1442 2394
1438 2009
9770 3631
3028 2838
5052 7579
9770 6420
6491 5583
3402 1014
2582 8598
669 6461
9340 587
1207 3219
7256 4921
9343 4127
7553 889
1565 4253
1482 902
3595 8977
9200 9403
6727 1718
8399 9903
6441 9890
1250 9715
2126 6491
4394 8353
5443 7258
9198 644
4158 3488
1643 9521
114 2203
6643 2035
6521 6960
7854 4614
4330 1513
8277 9546
5869 8026
4862 8430
345 7314
234 4802
9944 4050
74 6517
6845 6149
1373 2463
1396 7685
69 8786
3901 2505
7724 2603
9096 4992
2072 2484
1882 6272
5564 3072
2916 8115
3152 7800
9430 879
2855 7920
5973 1479
1968 1830
9147 2829
1164 5394
7007 784
7921 7623
1352 7775
4706 124
3020 4404
9341 5645
8756 8286
669 114
1320 8126
6711 2791
280 8021
5136 8194
4776 5947
7723 2636
2280 6828
3234 9029
1060 1784
7662 304
1041 4560
979 4966
6881 9818
2071 4145
3359 931
2179 8456
2190 1524
5299 1815
4894 9966
3569 5924
1992 2644
6765 636
135 4446
6802 7689
6197 3039
8278 3310
3131 9884
3889 1926
1583 245
6778 2948
9223 9176
9537 192
6153 7346
7653 8934
6186 2250
1541 4595
8609 4944
7282 8655
9022 6455
6560 5236
8734 6122
1953 8009
8058 6469
5682 2336
7306 1689
3711 8734
9574 5700
8028 3867
5668 7259
286 2621
9748 7981
6099 2558
1977 3785
6862 7497
5130 3857
7700 2443
7992 425
2433 9000
7716 6575
3647 5629
729 9838
8641 312
4776 7806
5328 8905
5918 6273
3123 2050
5188 4067
5599 629
8988 4075
7570 2709
8697 3377
7888 2274
9235 9885
7502 3845
2937 5840
9595 6146
5497 7515
3823 6783
8852 4852
5219 4667
219 8305
7012 332
8445 3573
9688 3947
3467 4661
825 6183
2294 5863
436 9255
2470 5191
4226 5277
6248 5097
9494 4664
8514 3064
3516 1523
4627 1257
6126 617
2325 5895
8199 5227
5586 1073
5184 46
3777 2511
7508 8811
9064 7753
3560 3486
8409 9031
1643 3127
1983 2362
1114 7821
6698 9798
9416 2737
2294 4963
6490 6017
6067 1306
682 9910
1598 2326
7508 9604
3859 3872
9498 3645
9912 584
6745 7307
4511 6914
6692 6463
1108 7284
3788 8674
435 9305
4484 7471
3647 5161
1987 1450
2224 2181
6452 7615
6580 3905
2446 1917
4104 4882
2326 5866
4672 875
8819 279
3429 1794
2192 781
9489 7812
7697 101
4449 9732
1166 5377
4129 6070
2176 3404
4239 4851
7225 9007
2913 5775
934 9070
7564 2977
3963 8397
8814 8704
5304 6885
1335 6087
6019 9198
1676 2398
4158 9838
8932 347
6336 3024
5693 4505
5102 2850
7308 2784
8324 4636
3313 641
4508 5887
5658 3776
197 246
1988 6754
2539 47
9450 4476
44 8998
7458 6737
8077 789
4116 7829
9901 9226
7916 3637
2673 3666
8220 2227
1927 1698
4263 4216
1913 5214
4986 1161
992 7397
256 6535
8539 6855
9092 920
138 20
4590 7981
4767 8428
5629 8535
8772 2209
8398 6367
4368 2812
5578 1085
9062 9538
9368 3370
8205 5813
7509 2565
7987 8279
9516 9866
4797 3668
9572 575
5758 3512
9695 3769
4459 6787
2433 8694
326 5244
7628 6117
4365 8502
1758 4921
8137 6697
7793 2049
8819 4647
4925 4102
2140 2444
463 6453
3028 6518
5669 6559
2970 7999
779 3904
893 9622
2455 6205
3265 6662
1006 7208
962 2793
8047 8303
6482 3922
2627 4606
6170 1819
7197 6348
1387 3767
7137 2882
5289 250
8200 2957
5211 9417
7721 8307
4656 7328
1983 2199
5827 1549
2872 3122
2543 5924
9617 7923
792 2416
3999 5796
9547 7171
8397 5554
8313 1037
8127 3905
7653 2267
99 3595
9028 1256
1558 445
5190 8815
1074 5214
7567 4152
8861 6043
3294 3330
2115 8604
5422 2259
9377 5837
5254 1960
6759 5229
5548 6934
5804 1921
8442 537
8211 9844
6883 7627
110 6312
1282 4494
9332 9728
6767 3397
7564 2648
8785 9576
7297 9717
5478 1218
7612 9731
8585 571
805 8017
5040 6412
1115 5513
6159 3281
6699 4498
4679 5322
4097 7908
2086 938
9850 4207
7569 1616
7761 1536
8122 9344
1514 9560
6816 5257
477 3378
3365 7066
2999 1062
3333 6895
7531 271
8077 7043
3610 4635
7490 8467
9580 7775
840 2614
9413 7624
7790 6649
1657 5784
3956 9068
9369 3458
2955 5150
5952 8955
648 3914
9217 5723
6197 3405
9911 1477
6582 5728
3326 2227
6079 1090
2683 1994
1421 381
1414 2389
222 5034
3242 3422
1647 1935
1453 7619
2067 4602
5945 3150
6415 2121
8805 4814
5370 6009
4587 6640
9729 14
203 3348
8438 9582
4023 3598
5083 1279
5719 5182
1943 6080
9276 4400
5248 5195
3658 2946
3833 5392
6403 8764
5186 6838
3053 1813
1510 4172
1848 2694
9325 1462
3109 614
5734 9446
3957 5498
426 6176
3001 7499
9014 1909
7660 9708
6145 5110
916 9989
9764 4674
7776 8504
4835 3799
1132 417
2593 1343
8832 9977
8101 9026
202 8403
923 2742
3588 8728
9597 7496
3184 2344
8160 8905
4566 9460
1229 4278
916 3288
7580 2067
9532 841
8506 918
8586 7960
1764 912
1784 1096
5131 9750
2385 4913
5212 2350
7916 8512
9041 9260
7831 6512
7269 5238
5162 181
7177 7062
1293 9929
5926 2467
9855 9834
5876 2130
6979 8853
3060 410
6218 5337
3874 9962
6238 3805
2051 7160
4185 4833
3403 890
1381 8611
798 6727
5881 3399
2557 3288
2134 3878
506 1788
6683 9149
5694 5641
2204 8191
1439 7709
8039 6448
5956 8151
274 446
8257 9844
6661 4405
2836 9938
814 2707
6077 4107
1275 4060
2129 8853
8485 7647
7592 7675
1106 2537
6922 1519
4528 5894
5613 6772
7180 4323
5827 3003
6219 4389
1938 9797
2114 6316
5520 9365
3832 74
2819 5058
8041 1447
5454 4468
8838 2459
421 6848
8001 7940
4813 8524
626 276
5913 3568
1213 6371
7186 199
8486 3248
5185 9120
5101 6984
4460 1963
1600 6706
4416 3763
321 5736
1627 8444
1607 990
4344 99
6292 8650
404 4636
7559 3325
8248 8187
1322 3363
5937 1732
8950 5604
6047 2623
5356 4710
7333 471
2249 3422
1160 4430
9881 3029
7841 6649
5706 7229
5607 6935
4249 1664
1908 304
1714 6603
1172 3327
8642 7743
6600 5926
7273 6279
8160 7478
8741 6569
4828 6307
6482 4413
4887 6570
2901 6877
8063 2086
5693 2180
6395 4752
23 4929
3715 601
7864 4634
3001 7263
3898 1779
2679 1221
2679 1032
6327 248
1731 3263
4125 7598
9997 4303
4650 1035
5036 1553
9799 3649
667 6130
4960 6296
2126 9527
3109 3715
6428 2796
834 1303
1330 1564
1637 2968
3669 6755
7520 8596
1369 5173
9018 9951
4510 6462
7577 6382
3186 5036
5351 7117
9657 4851
5461 1370
7107 447
9291 6743
4088 3896
4314 673
6173 8981
6841 1144
782 6580
8995 8245
7378 9082
4211 2230
4002 6820
4000 7112
5341 9211
769 7784
5619 2837
5471 9284
9448 9257
2166 1211
2543 7345
8555 7880
1967 557
3333 4058
1146 3701
8169 7119
1031 855
585 1854
3128 1935
4279 5723
8485 7230
3294 1381
15 6930
2812 1805
6830 5217
2924 5148
9478 8025
844 9591
1176 2709
1281 5809
2236 1244
5408 4215
2521 623
9301 8225
4970 3661
1412 4148
9743 8914
2898 3958
6966 7778
9241 2854
9251 2424
9411 6933
3914 5735
4168 5872
8312 7799
2610 8161
1184 7314
6800 2170
9344 8699
5932 8090
3766 3728
3045 7725
8658 3770
8151 6117
1232 1079
1618 9279
8627 9463
852 6019
7372 7965
2341 940
3931 8881
2548 2845
6640 924
7126 364
5448 4706
5893 2936
1692 1269
4690 7259
2208 6932
5968 9958
9409 679
57 1735
973 4241
6168 3588
8008 6489
1921 4436
5015 7436
4764 5061
1390 1870
6512 9665
7234 17
5067 3222
5594 1359
6956 4324
3597 3250
2297 6156
3137 1721
5982 8647
3629 5117
9620 2822
7431 5082
4291 3031
6524 6175
2117 3557
6596 241
2827 1979
7392 9458
1924 8209
4537 4305
6136 4034
8706 3087
1869 3440
5221 8687
4769 316
1611 1666
7786 7746
7547 7696
3765 5847
7250 1206
9482 1486
8566 4180
9569 9919
9682 2299
2176 609
6738 762
7273 9886
4655 2093
5730 1931
1259 7095
1204 3761
4971 6011
7781 7185
655 7564
7437 1938
9690 89
4157 3609
1201 2451
9003 3510
6138 6652
3880 7344
4717 1487
1387 5153
9347 6509
2298 3643
4957 5710
4115 8535
9421 2994
5839 4722
7373 5660
3143 8386
6131 1927
2584 256
8770 8483
2058 1176
215 5347
3979 8731
6243 1447
9372 4615
9001 440
301 5740
2181 4148
7298 9374
4456 1760
4100 3743
7667 7484
926 2171
9815 7786
4477 8229
4745 2411
4596 2339
7545 1612
5964 313
3877 5454
4091 1317
7254 2018
6213 4556
480 7861
3261 2173
8821 9969
2357 236
6121 1937
3571 5785
1600 7785
2056 1871
6606 2527
6040 4867
3871 1538
5974 3663
942 2986
4059 9129
3666 5296
3954 5944
2874 3038
7518 6147
6576 2588
9971 9828
9832 8729
2021 8722
7664 4341
9458 2749
9256 6528
2333 3615
321 717
6581 9139
2419 2019
1196 202
8203 319
7965 5608
4205 5373
3375 5161
8610 1474
2520 8306
5491 674
7431 529
4129 8845
5914 9052
8319 4676
9898 6033
9186 1475
143 4106
4629 5211
8470 5681
337 7894
2297 7677
6032 383
7231 2382
6089 1762
1232 4532
6189 3948
1363 661
7735 3651
8074 3918
9642 4167
4660 8278
7563 8346
825 2092
583 8782
813 2885
1183 6758
8390 1383
399 2225
847 7665
3303 5533
8883 1845
5841 9176
4092 6268
6442 2951
4135 5909
6466 8746
301 9367
7546 8370
6586 9926
3463 2818
9115 741
88 1152
2341 3892
814 9166
626 2981
5928 644
936 1048
8913 6430
5021 4287
7993 51
9194 2993
8142 5087
5637 1939
2805 4882
7864 4283
4189 4605
2444 8433
5796 66
9840 61
3109 351
7408 8433
7054 1388
719 9196
1698 4839
3748 5032
7301 3031
6926 7720
2485 6956
2963 7556
8800 3567
7284 3939
5069 2055
2374 6942
9939 8466
2514 4908
3438 8358
6009 4972
77 8123
2191 9516
7572 9920
4697 7740
8243 9034
4236 6115
6082 2139
546 6275
367 94
7584 1114
9855 1653
4491 1207
7358 7844
7295 1205
6213 5058
5788 9931
1268 7560
4834 1133
3564 6040
6927 5126
1646 9555
2630 3920
6241 7149
9316 498
1713 3110
3067 4578
8026 9873
178 3517
9704 8389
9221 8400
4108 2309
9668 8855
4280 9511
2896 8126
250 1177
8845 6821
8970 15
1494 6386
4546 7466
8115 8919
6803 4090
4873 3653
1806 263
3298 9679
2627 4124
693 3265
5926 5579
1294 6941
733 2247
7892 153
9315 8886
9999 1789
6833 7764
5058 8740
9188 9871
8599 5165
2998 3174
7822 6039
4648 8192
4089 628
4387 4322
4792 6221
5137 504
238 2968
2449 9698
2733 9236
3312 4049
4100 517
7126 8896
3284 2299
8163 7160
537 8278
9008 3409
5368 1747
5782 8971
3436 8895
6596 2459
6573 9915
9074 3424
1131 5508
5879 2280
1678 4606
5905 5168
8651 9446
176 4528
832 4040
9912 2310
7571 3126
3727 5466
9455 4400
5297 776
3674 1783
2238 593
3181 7209
6324 250
1601 9677
9125 9729
8552 2894
1284 991
4453 9405
333 5069
3040 5106
3754 7649
3774 7846
5842 8708
4146 4501
5915 1175
6120 280
6150 3709
5551 86
8509 4375
1165 4929
2046 513
3720 7861
1087 2914
5604 7947
3613 3314
3838 9605
7709 4078
6519 9309
4924 1872
7651 5818
3099 3294
6999 9601
5291 9661
9271 2052
2110 9726
1042 5599
3730 8821
121 4998
4283 5390
7123 7564
7305 7502
3412 3197
9696 42
1775 8802
8769 8219
3007 4582
3272 483
133 1742
110 4532
7013 7770
7987 8975
4100 9680
1987 5835
1521 9321
5242 1824
1578 2106
355 446
7923 8085
3839 6138
8438 8189
8744 3368
5868 5437
3271 4951
4308 2733
4900 9875
4753 5199
1688 4208
1694 1356
7820 3476
9849 2192
7824 7449
6652 8870
8631 3296
2962 3489
3170 6323
4049 3845
437 3278
2433 8944
8970 3679
1079 3625
7669 3682
6254 5458
7826 6447
1864 5907
629 9851
5629 6543
8940 3664
2675 6774
4381 6146
9786 6752
507 2366
5388 1805
1185 7276
8561 3721
3910 5047
5748 7818
3163 6729
3269 6282
4693 55
7255 1109
3283 2982
5617 9327
6250 7248
8460 6914
9253 6164
3172 2806
7111 8961
6270 6414
3222 4931
2283 4336
6035 6341
1974 3597
2878 3669
6018 944
6204 4994
6700 8088
7269 6600
5612 1883
2959 1294
6747 5448
5983 895
3921 4697
1488 1505
8011 6103
1143 9416
7366 2629
6384 4483
6551 5707
5547 850
2417 9868
8852 7917
4564 6387
3294 4538
9934 1038
7477 5950
1683 2973
2070 7102
1438 1876
43 3831
8216 5487
3593 4463
9244 8285
5233 6715
6638 2664
9291 7080
5654 625
4886 3875
1192 4852
3685 3393
8870 2669
5471 1010
8715 1770
8209 8727
7819 4609
6863 6466
3593 1663
9899 1071
4190 6729
5179 4839
7501 8763
6013 690
2788 5787
7666 37
1251 9358
7919 41
3023 860
6258 7408
558 1261
8571 1807
8086 4460
4748 3577
9878 829
7046 8601
4120 5081
3116 1830
1357 8588
1335 7217
4656 7094
6043 9863
6531 9425
5730 4144
3438 869
5916 4622
6286 8405
892 6602
1695 6715
5339 1400
4015 1199
2122 3461
323 6371
5076 4113
2033 3851
8009 3758
1569 8939
7635 3612
9696 9390
630 6623
3202 257
8921 8291
1528 2059
1428 936
8321 2468
8454 3759
6862 9756
6292 1588
9768 4248
9109 9335
9415 4059
1633 3105
8227 1343
8873 4052
5369 2032
223 678
9351 4892
928 7691
207 3155
940 175
7479 7274
6296 1296
8799 3917
5745 2831
3199 4963
3469 8201
150 2123
4534 3462
5335 2279
1347 9222
2302 7921
188 5327
4748 7237
7463 2429
95 7527
5919 364
5233 4942
3116 7380
1647 7842
6688 7482
8036 1386
4155 8756
6684 1337
1964 2280
4074 1311
6431 6217
6765 5563
8126 5308
1057 8455
663 1674
9392 9174
4820 1295
8417 3036
546 1881
4527 4405
6144 9370
7664 995
839 6382
867 1338
2187 298
6309 4184
1057 4854
1146 1913
5978 5927
560 7428
7505 2253
7768 3795
5231 6376
9325 1203
5803 8752
971 5629
6123 9373
5283 6972
7099 1611
1070 7730
4495 6465
8433 2847
3389 5815
5460 1750
4701 3411
4849 6657
8757 7223
1812 736
2920 310
9371 715
3228 7009
4887 3326
1295 5654
5440 1415
982 1298
2961 1623
5716 7799
633 3691
6892 6834
1832 4648
919 8000
8712 220
5620 8157
4514 4129
7211 4406
9687 6905
4321 8227
1170 7950
3394 5717
9730 2593
4619 2942
7752 1027
5393 1144
9331 2380
8028 484
4220 9357
440 3330
8765 3185
8295 8504
2135 5989
190 5633
1968 6336
9634 7688
670 8709
5927 8894
8414 6628
4838 7610
5716 4519
5588 4775
5209 377
960 2027
264 9796
4270 6394
8107 2575
4523 1514
5752 2281
6939 9343
1047 4144
3753 7211
2549 1022
1929 659
6953 4497
4022 5058
7398 9755
7557 2041
4202 4641
7154 3022
7542 7252
7758 526
5358 6000
1545 5341
4659 8011
6117 4829
3701 4564
6380 4175
2491 9627
1473 7069
7384 7753
6944 5272
6152 389
6594 6281
7599 4480
7485 1474
53 2868
261 3733
3486 2898
1622 399
1459 8118
72 9137
6111 9241
4634 3420
5847 863
450 5926
9802 1417
796 2361
1673 1545
9759 6813
2061 4000
8247 1426
5467 2736
6208 5740
9659 7378
1333 3447
5471 2669
597 3653
8954 1467
8804 8132
5325 4550
8006 3926
2290 8348
2211 4038
4736 9153
9928 9736
7176 1660
5852 1110
2660 7563
2737 7978
3933 4543
164 1678
6928 1971
2836 1506
7526 5470
9098 7702
8995 2894
5251 8619
9396 8896
4847 6791
4649 7474
5950 5919
3901 3544
6722 6064
4690 4274
564 4866
1846 6988
6992 491
8243 5284
9901 2794
4044 1327
3586 8848
5105 5779
5341 2005
5575 2317
1272 1368
8328 8384
9549 5504
6001 9540
5456 4178
1984 4852
6446 6168
1381 997
751 4648
3723 3533
6613 816
6664 9491
5758 5206
9028 4872
5081 554
7690 1316
4009 4384
2631 5026
4319 3874
7887 9487
5854 1008
6160 1965
758 5948
1535 1435
6420 8597
864 4680
8789 7847
5899 8127
627 5327
7084 2871
4580 7426
2704 8468
9034 9217
6103 6910
6352 2193
8642 9318
3557 5173
8550 3998
486 5783
2845 6058
2180 7094
6057 6795
1997 4636
7090 8875
8281 732
2556 1656
2568 4400
6326 9523
3239 6754
6227 2006
8110 9095
2215 2706
6667 1268
584 5079
6608 773
7134 8748
8762 3164
9172 7500
9173 8957
5632 6803
6176 6708
5394 7573
7931 8752
5666 2403
7521 1031
6854 2247
1102 1270
2380 9202
940 8648
5872 8719
8632 4803
1462 9433
5599 7039
5568 3537
9424 5207
2848 7863
8802 8466
1355 135
61 7609
2167 7726
1476 5765
4534 5130
5329 7365
9479 611
6269 8303
4679 9567
9280 2272
2442 3434
9655 3815
7827 3097
1707 3346
5093 5237
9046 4851
4959 2135
9068 2939
6886 6914
5963 49
934 4863
6891 6299
9622 6077
7685 3393
6664 4206
896 9392
4362 6657
6437 1819
972 9064
5388 7444
9694 6484
9479 4846
4840 6942
75 8697
9221 1609
507 9727
5409 9965
9819 2729
4869 887
5096 6422
5166 7945
6981 5887
38 3423
6645 7930
8164 6184
6130 4114
9454 9733
5997 4529
2072 5436
6508 2402
3037 9050
1042 3061
8680 9052
1350 5561
4438 8050
1627 4028
6347 8111
1455 3222
6633 456
4959 3810
4437 7032
2332 7535
5071 4637
3994 7686
9052 5431
1938 3765
7661 2600
561 1486
7900 8374
9810 4051
8464 4441
7545 4700
50 284
6299 7779
7885 7088
2007 3712
6822 1328
585 3993
55 9676
1513 5119
8759 3664
6850 3295
6621 734
7502 4256
2030 3068
1116 816
9533 4580
131 2831
813 8599
3338 8744
4941 1598
7142 7462
3986 5243
1681 6556
3671 2238
655 3154
6692 4886
9890 894
5529 5155
464 240
7958 6914
8107 1684
7913 4410
4851 649
9117 461
7799 6907
4640 7241
4118 4764
2324 3296
6754 1699
8188 6034
6994 2408
4566 6572
238 4215
3044 2814
2164 1040
4278 5353
35 4454
6170 540
3017 5528
5874 5846
3726 2458
1279 3593
9858 6111
9874 2518
9088 3253
1137 51
8704 4072
1269 3757
5565 8467
759 3944
8732 8272
7570 3280
9006 1678
9670 5447
2744 3468
7498 5158
3929 6433
1424 5548
3214 5047
1277 9859
2493 9714
3083 7500
9901 8944
3412 6227
3605 6599
135 9146
9020 2614
7047 2524
5252 3619
6469 881
5822 9438
5869 1656
2016 4965
8153 2831
5855 8297
8960 9507
1276 3472
4070 568
6166 1949
2770 3318
1338 4630
899 8025
1015 788
9176 5279
5705 2269
4824 6763
550 7912
1462 570
1808 6813
5447 5929
1849 2192
8146 8450
6921 1165
8014 6777
5962 5901
8412 2735
5503 5179
2895 8823
9620 2532
2810 563
3280 8484
5798 5835
3957 1464
4646 7200
6561 4480
3675 6023
5864 7321
7300 1624
3818 5237
4971 3840
7480 834
9156 8138
7839 7823
8160 7271
9223 5248
5473 8157
4755 5138
6824 4072
2824 8048
7005 1915
9187 4110
6771 1484
2563 6285
8335 6367
1447 8009
7272 4861
6411 5989
2702 6623
9088 8273
9222 3401
5501 706
5907 1361
1474 6569
8859 5695
914 2457
5981 7363
8087 945
4815 776
1014 8250
6359 914
5950 3242
7681 4032
5862 9794
5335 8605
7423 3831
4664 9991
4062 9617
1066 8796
294 8573
6682 8497
6433 9945
3787 6654
8019 6360
7343 4877
5987 5580
1120 7784
9287 8271
2748 6870
7924 9295
1996 8641
8939 946
3566 8396
2060 1122
5863 2488
9827 5608
586 7906
9833 3235
2347 5598
6065 6494
2167 4278
5178 335
7193 2198
3959 6289
7930 6058
2631 6525
8188 5817
8583 9789
6127 1131
3809 5219
7026 48
4317 3462
3936 793
4921 770
3611 7026
3519 7158
4896 966
2564 196
7557 4249
8473 8877
9164 8015
4933 6292
3905 8148
1060 7636
5977 1600
3174 5873
7703 5848
2691 6292
6434 7876
1491 7654
312 6079
6619 9860
3935 2317
6825 7448
7315 6026
2110 5918
4590 645
5501 2494
1757 1627
1645 7469
8600 538
5476 4744
3469 903
3313 2674
3853 8109
4067 5878
3566 331
4487 117
4255 5674
4681 9095
2349 219
1325 9089
6720 8658
7394 7181
1480 4203
2589 1766
6269 7701
1242 3561
5879 2175
6175 2676
7214 3181
6843 9097
1294 1170
6553 7865
5684 594
5169 855
4907 2794
8345 498
9482 5036
1166 6705
1830 9320
2230 4193
6230 4810
9644 8025
9381 4529
5249 852
1253 8806
8602 278
7403 7756
2789 6207
7203 8580
8961 7591
2235 1151
4050 863
8896 7889
9320 4814
6618 261
2337 5519
1991 5412
8798 2261
315 1319
4685 1892
1943 2878
6458 7448
5013 5325
4718 38
7371 748
3248 457
3981 7854
8946 9954
1448 1482
8369 5316
4304 906
2757 9348
5061 2822
5664 7945
6330 8358
1813 392
6079 4950
1447 9930
781 608
4216 1950
574 5855
8807 9874
4340 9375
3128 9856
8881 4431
2461 3344
7260 2552
5393 5530
2458 6942
8261 7036
6987 3563
1254 7315
2018 2946
3407 4342
5988 2905
8868 3398
3507 4999
3370 4280
4455 7777
4215 1501
850 4549
8699 8076
8748 7597
4920 9742
1956 4016
6681 2368
5930 6020
4408 8682
5842 2719
7011 5545
7767 7902
272 8682
5561 4161
8957 6621
6718 2831
3687 6662
3441 4463
8887 3953
3419 6460
5466 8200
7672 4027
250 4881
5948 7969
9002 4513
2437 277
4863 7628
3610 5423
6688 593
6739 102
1233 6207
6114 2233
7273 5274
8824 4803
3852 8599
5382 4070
3159 1196
3689 2172
9074 5498
3514 5005
1734 1368
7788 7768
3096 4901
2026 2676
2259 3829
5319 9889
7539 5488
5895 5856
4459 7606
4719 4660
1225 8189
4082 9921
8268 1938
3793 3820
2236 8864
1504 6082
4074 6035
1014 8306
8902 4345
7776 2762
1177 6357
7342 8066
4497 9663
4461 460
8158 7270
2513 9656
1146 4585
2565 5673
6347 4025
2969 5120
7650 543
7253 597
8155 1764
6094 3882
4776 6829
5590 1173
104 4279
1957 7371
6084 3513
4874 1799
2072 5252
3385 409
1017 290
3959 6975
2019 3418
5487 784
9085 6594
2546 5760
2633 5354
9368 4657
710 1
1803 4263
5855 8852
4323 8691
4207 8394
1123 8463
6438 4770
2777 806
5825 9927
3887 7863
9904 2156
6791 5482
4406 1716
5107 4553
2977 8897
7479 1328
582 3698
7744 9621
1033 6308
8184 1820
6743 6226
7050 9241
4788 3040
703 2236
2178 9107
8835 5330
9622 8880
4445 9252
8895 9282
1646 2134
935 1068
1347 8724
9938 9811
4048 2785
6426 5575
1197 7706
9882 5505
1938 6352
7086 103
5603 9729
9036 5593
5811 8045
5322 9811
2124 2587
4302 5888
550 959
1973 525
8089 8598
8598 7353
6841 866
4220 8385
3280 3113
8688 5382
853 4521
6885 7020
819 3933
7416 6265
3660 886
6860 8027
680 5866
9110 7548
5506 4258
7724 7383
7187 2981
4455 5106
730 1274
6972 808
7415 1553
9420 115
540 7277
129 4943
3411 8429
1175 1070
6521 9269
288 3058
3218 8919
1460 5068
4917 3285
9066 9491
7096 6634
37 9493
3672 5779
5921 9881
531 9272
6645 8177
9856 2810
1225 7064
1875 8118
7419 5599
7297 5132
6436 2357
1268 1978
3698 8087
757 8359
3541 4061
3819 4639
558 467
1602 2751
6906 6355
7236 5465
2463 6323
6496 6987
7081 8564
5186 8661
828 8980
8245 467
4381 89
50 6784
8235 7203
1184 4417
6450 242
3994 8789
3618 6345
8009 385
1681 6198
8733 8746
8983 3997
6250 9567
1118 4992
4602 3003
3165 1659
1801 7597
3348 2917
6178 2025
1041 2508
9683 7251
5422 1470
2900 1914
361 5809
5810 4479
7383 1465
3912 6427
1542 3135
6924 9378
6563 979
9762 1195
3946 6123
8793 2146
1269 7927
9366 8924
9946 6933
2532 2005
7415 1781
1932 825
1309 4380
7563 2206
333 9990
2971 796
7705 6402
5121 6653
482 9081
4236 4751
4244 2121
2248 678
4243 7407
6669 8173
2199 7376
6811 7270
9877 5046
1634 9143
8170 2771
9994 752
7797 3957
8609 9673
2760 5184
6833 9193
5131 4307
1725 1532
3548 9560
841 5028
2022 8873
939 725
3267 8850
8934 3870
7688 8088
2127 5248
7024 6683
404 8431
6821 2819
2480 563
6846 7295
3610 47
1264 3235
8759 6969
8504 4051
6310 2654
6884 5535
3868 5354
5674 2104
5569 5825
79 6063
8564 8544
6035 8631
9731 2592
1674 5443
4754 9978
8410 6351
6633 4993
2946 2160
5068 7633
8941 7255
930 4981
7731 3144
5532 8812
9957 1046
2495 8550
4291 184
83 2970
1935 5370
1060 3297
933 9499
8630 6922
5089 8235
1563 4294
3960 3789
7705 5204
4777 2677
9350 334
8940 6440
7121 6397
1957 2665
6789 2421
156 3703
2491 7353
1925 8902
9732 8246
9213 6687
682 9234
4611 6123
4977 2025
7301 1032
4278 296
4081 4094
8586 2565
6527 4069
9020 6621
1113 6819
650 8262
2079 9345
1012 9519
2828 7538
6823 5109
1568 5973
4309 2069
4271 5945
9604 6357
189 61
3577 5667
6115 8678
5940 3484
2877 2453
9504 2560
446 1002
3609 5509
942 6244
1105 7000
7926 8529
5771 1110
5876 5096
3066 3918
7573 4793
2873 2799
1503 2681
5094 5682
7236 4918
1663 7004
5273 5287
6679 3986
6146 7835
1285 6557
403 5779
6225 674
1208 4526
4783 2870
2016 5861
1580 9187
4645 9118
6294 2933
7094 2773
4797 361
7150 8078
4678 6272
7962 2562
972 6363
8520 1241
443 8237
5404 5283
3027 3755
4429 1880
9299 9097
6675 3395
9437 3748
9225 1329
7688 1745
9236 1694
9997 9734
5186 786
13 1617
3602 6208
1906 2545
9100 3416
4008 4816
5571 3674
5464 8083
1789 1377
2870 450
2632 9651
3196 3891
3251 8820
3478 8794
9824 2214
5141 213
7748 5677
6483 8957
9605 5053
2027 1567
4112 174
7025 7376
5989 3463
6939 4808
3081 4912
655 385
5299 9066
5749 4975
3533 2845
3274 7605
400 3888
9760 7489
9119 8405
3209 101
1646 2204
1750 9894
2524 4554
8251 4506
4192 8954
3132 2525
8477 3704
6526 6346
2956 6664
7047 3998
7993 480
5424 1342
9152 2807
3457 7995
2108 1943
1039 6940
8433 380
5639 1971
3914 9296
6929 8006
8093 8819
2674 7233
6788 840
2649 4110
6617 6866
2769 5630
2772 1634
948 4515
5882 7580
7178 2414
9067 3688
6454 6863
485 9491
8569 3048
3128 2821
7047 277
3401 9418
9662 4078
1277 9089
3434 3436
7543 558
2687 5944
2811 4612
6066 5327
6000 6102
6884 7763
6847 9493
6701 7562
6355 8069
4702 6034
7612 3269
1669 5629
1367 9332
5220 7478
2364 1874
6394 9833
716 2
8105 7810
2801 44
5640 661
4304 3170
276 3289
1269 9655
562 1387
6011 4509
4728 4357
6492 1428
6535 8197
9238 9890
8272 9988
5456 193
2357 491
2408 8745
6822 6676
62 381
377 7264
2231 447
894 3335
5577 8321
865 1543
3448 1075
241 2073
617 1864
7942 5432
9507 2300
415 9734
8828 6099
8276 5271
7931 2079
6475 2531
5311 4804
3745 6984
5996 3891
4350 2790
6491 8821
9419 8873
9204 4486
3417 2392
8426 1851
7220 4791
7398 5554
2508 3118
9502 8638
6708 967
4438 3489
9277 8886
4285 1700
2896 7138
2610 3586
2856 6287
7291 5225
9468 8506
9807 4076
6405 9745
3420 3150
1109 4073
9219 8743
7210 8869
1794 1938
4253 362
6058 2590
1711 2392
8466 1699
2359 3062
7123 7230
7279 3870
4102 3884
9255 5190
9845 4061
1368 9220
1451 9542
78 6648
2322 4327
159 9180
1945 2714
9539 814
6883 9800
7904 8793
2558 839
7339 3746
4454 9621
6766 3136
2113 1715
4005 6326
5865 1289
4282 460
6384 1188
2217 3917
70 6127
1200 3480
6 5107
9658 4146
1077 1924
2603 1764
7293 3322
9152 9781
8921 2788
9345 4287
8832 9512
5490 9211
9663 8125
482 5862
7308 3941
5554 3817
6459 8452
6988 3705
7076 287
237 4388
7219 492
289 8907
7165 5214
6456 1636
5450 6899
1604 247
1823 2329
9312 8140
1975 8857
6263 3463
5677 6946
50 4246
8667 2472
7409 6880
7120 7070
422 1668
1514 7842
7207 6840
8905 5025
109 9388
3040 8514
6076 1425
4015 2874
7182 4419
2927 6376
8849 366
7601 9277
9906 8526
1489 5789
4859 3763
7251 7940
3169 2753
5524 9147
4569 5173
5706 6529
4955 9774
1288 6712
458 5878
8008 1786
5627 6214
2047 3673
8656 2060
8594 6853
8932 8686
3679 2630
3705 3499
2271 8063
5529 9377
6641 8678
4483 9668
3723 3382
7012 3179
2922 4620
6925 5511
3190 1607
1005 4540
9899 4208
6935 839
8223 5402
3284 5743
6950 8474
8831 4057
2388 9755
3200 6685
7036 5791
3183 9969
2601 3003
2381 3757
9066 7968
6190 5108
4707 5337
2837 9873
5273 526
9870 5894
2179 6162
5387 7097
6191 3835
119 7048
2875 7893
8137 7153
3476 5635
202 9388
1616 7493
3997 7740
4058 2807
7287 9195
7057 6672
6936 8139
5122 8058
8316 5060
6292 9095
7188 6469
2405 3752
9795 6803
9692 9789
6680 5206
9394 7387
8442 408
4684 8478
9603 7296
1944 2633
9065 4243
6450 174
7957 451
2247 6968
5625 3632
8621 4471
3456 5344
264 8344
4955 6277
6834 1239
4140 3415
4864 1477
3648 9524
3548 76
3450 4328
6447 2298
5801 4652
4728 197
2054 4244
7418 3177
846 478
2838 3080
6315 5215
6274 5864
6574 7196
6532 7271
8030 8286
5659 8330
2105 4227
8130 2483
2544 4427
476 9210
5329 8556
8103 9535
905 2625
2930 4326
3893 1052
8249 4017
8419 8783
6897 6492
5632 7959
1518 2277
9496 3527
3854 4450
1510 4151
8108 4484
6769 3044
6295 7930
7506 7822
44 9677
9571 7250
1670 2249
3167 8631
1781 1502
34 8058
6931 100
4438 5183
6522 3343
5492 99
5697 7344
2459 7760
7167 1870
7898 3788
4631 9397
2078 2170
2975 2928
2892 8550
1299 8200
3285 2229
7706 8646
4402 8989
7472 4427
8490 5328
4011 6582
6310 3616
4320 8328
9555 4902
985 5348
8846 9329
3991 1320
6224 7482
3587 9221
2237 5462
481 454
5983 5040
6855 1208
9258 8865
1282 4687
8274 6668
9897 7890
92 8457
7867 6792
8156 549
8331 4722
7796 9018
678 512
594 1324
7897 9865
6386 1575
6868 7859
5486 3465
1186 5029
6620 7557
6194 2248
2246 7049
8518 8915
4448 8167
2413 8390
6536 4390
3554 8413
1079 7153
3349 3438
4080 4905
1176 9209
4192 2602
4327 753
9990 3114
3446 342
2152 1516
5318 9574
9354 9283
3275 419
8017 3794
1383 2829
1678 1125
9499 4398
7781 2540
6465 9644
7002 6668
956 846
4451 2270
1582 5064
5043 7543
9517 3162
3938 8316
8321 6395
7812 8532
4519 995
4313 6922
3006 6994
8733 329
4954 1038
73 337
9828 6656
157 468
3316 9111
3007 8814
5600 8065
2508 9585
5275 1943
7538 7998
7749 2519
7124 7072
9325 8943
7284 8840
8091 6093
6990 3571
2578 1158
2227 635
1526 8055
1477 7406
5819 5518
3847 3653
2043 6651
7790 4519
3886 1290
6475 9748
6248 138
1482 4133
4629 2680
7450 3628
2781 6259
10000 1043
2550 9597
5992 6105
8540 8671
1993 899
9850 5065
4423 413
8394 8219
6162 9799
643 5406
5139 5611
1731 4899
2543 1357
5243 6709
8234 5678
1506 7889
5902 5904
7860 8442
1552 5920
3448 5379
3150 7824
1772 4680
6260 8547
5976 8054
5155 7794
8634 9566
3600 5015
7035 6680
9878 8449
6900 3563
4903 9859
4085 3632
959 593
1766 5505
6543 8299
1864 9516
927 161
8264 4260
9093 3102
2469 7319
7669 1660
7771 9325
722 3405
1860 507
1555 5851
7654 1025
3955 7949
5615 7328
1653 7917
5795 5759
7578 4394
6993 9057
319 8199
2064 855
1625 1451
796 5748
2910 4568
9042 1099
8690 4378
7816 3295
6156 9128
4985 9744
4939 9905
9046 1812
5461 6919
4125 302
686 1654
7369 2895
6742 2916
1717 5500
9090 2120
7029 9172
9734 5665
8343 5932
3082 5257
8148 6854
5427 7028
4628 1762
1414 7634
6245 273
9113 8986
9852 5883
967 3802
58 4023
5017 2102
2295 9994
8791 852
7308 9203
1094 3074
338 6494
841 3935
4482 1579
1997 3661
7919 6496
6061 262
6619 9892
4167 4949
8561 4123
9455 7411
1370 9735
5647 2095
9145 3714
51 6110
3981 5735
597 6537
6179 1294
2353 6364
4933 4880
6407 5497
1826 8010
3286 1014
431 8084
9738 4437
786 4096
5314 8218
5673 3742
7287 2733
716 8169
3075 7180
5868 5609
8485 5600
1239 395
4175 7022
2317 7319
7694 7224
6963 9426
6756 8213
4828 9189
3357 3668
3958 3143
7659 4434
5421 8009
2556 6793
9802 9158
5735 7446
1577 5304
8938 1721
8761 5034
1055 9550
3933 6001
8926 5949
3936 1655
687 123
4194 1453
2805 8223
5288 882
3920 9395
2138 1341
7537 8853
6511 3542
6364 7439
1122 1211
8766 9466
9012 1354
6643 6379
3592 4008
8647 6833
9335 4177
6325 3722
7528 7708
1462 5492
2581 3417
2548 5652
7513 8934
3195 6509
6189 3054
5640 4034
9141 5725
4155 6020
6387 662
1065 9815
6350 8449
9039 4064
8154 4490
2831 3110
874 1864
3128 8820
8448 2302
4279 6609
8154 2511
8376 2947
845 8893
6407 2107
8440 6562
2067 9634
2277 7711
7364 9372
1361 4401
2939 4200
278 3239
9241 6714
7078 3708
3710 2841
7198 3662
778 4482
5371 3634
1492 6200
1069 8739
2970 4238
2007 7257
3240 6191
7654 1996
3102 9100
2020 6692
8659 9542
1516 2828
5958 7547
4869 7125
3101 1869
2367 5896
353 7859
7280 8801
5745 1741
1282 4167
7376 2508
9423 6138
336 6987
2470 2282
3551 8726
7665 539
3092 8019
5820 9021
7634 8731
4726 3558
9683 5689
3376 2059
3893 4547
5097 7446
1250 1384
2059 4774
8130 7135
6654 6781
7327 4920
1174 6933
5322 898
5512 4003
4145 3283
3169 2348
7128 4080
567 475
5071 4063
6961 2701
7952 3036
4078 8518
3825 7617
8994 133
9546 9518
3350 4699
4390 5324
8498 6356
3914 7541
7635 3336
4562 1943
6287 2554
7476 4634
1032 6627
5500 8420
9734 5465
2332 4230
8835 1822
6660 4559
1798 6494
4761 2284
8310 5909
3867 8888
4303 5285
3480 4685
9582 5283
8160 6634
2839 9153
6627 7845
6494 8537
3971 6766
3970 8078
1130 1637
1661 7785
1490 8239
7756 2179
3605 9973
7317 6033
7266 4069
4244 4600
8526 6401
5623 590
151 138
7784 8730
3146 5556
5634 5302
7422 4146
4632 427
8650 6364
6852 5463
6617 1676
9845 4047
1184 3753
18 1148
7410 6592
8625 4708
9659 8617
9034 8883
1059 8434
9566 502
3633 1869
9495 9757
6236 747
7974 110
1862 4334
1445 6759
4799 621
6780 4813
567 6300
5153 7566
3698 7935
4734 9513
7795 9517
3202 7157
4150 4779
7099 4557
2363 995
5298 9675
2662 5379
5158 6411
7507 9581
872 9913
3182 502
1479 4921
8787 2946
1219 2862
5091 8168
8534 6723
2819 2933
7505 5567
2812 5185
7977 2718
8611 6260
1884 8595
7365 3489
6209 9943
9320 8579
2127 8394
1451 2219
2488 2846
487 9740
2001 7611
9483 4605
9667 1962
6179 5878
8164 3978
4078 3672
931 7354
389 2071
6270 6941
9176 2723
8247 8865
1675 1558
8193 35
7158 7532
3423 3185
7345 2523
465 6756
4176 1535
3221 4902
9358 8188
241 8750
6517 7051
5032 3441
9733 7348
9711 3727
9778 7249
7014 9275
3068 5877
3972 7553
3118 4670
1937 2170
2078 5360
1063 5933
9147 4713
2449 4726
5322 1073
3096 6011
7251 7546
706 942
8117 977
9707 3002
9527 9467
8733 1385
6087 4306
9575 2708
9359 4202
1210 1093
6454 6447
6113 9734
4573 6023
8781 7744
196 5677
9549 9773
1394 3866
4432 9066
3928 3089
2775 8641
1125 3721
4841 2703
8203 6128
263 275
991 7200
1889 2799
8342 4123
6925 272
365 5180
7286 3696
5947 6455
8491 350
7927 3326
4784 1353
7656 5675
7937 264
4995 3305
5291 5883
2477 1911
7020 166
666 9886
7489 1498
4726 2943
8346 706
2608 2664
5461 7812
8069 8907
7421 8164
4646 9669
1574 3736
2051 1279
9812 5149
3680 6951
5583 4843
3004 7578
3257 6736
6522 8414
8743 5201
2674 7244
8460 5725
8987 6697
2186 9651
3831 4981
3114 53
8477 7208
6979 4490
5393 1037
3245 2032
1849 1857
4867 4617
1832 2862
6603 9793
4867 7882
4343 3078
8156 7719
2852 775
7151 3439
3711 7520
7365 3798
6124 1949
1236 1742
8119 2588
9722 3092
8123 6264
6686 3118
5073 2805
5124 8092
3874 6127
1185 7731
4186 6450
3670 5579
1011 4200
1023 3151
7135 7473
3750 4325
9379 2206
7018 8321
9995 1106
5967 4236
5553 7271
8523 3408
1428 8411
7162 6135
68 5056
1790 6289
2880 2107
2592 2774
1127 7198
646 5794
9275 7741
9423 3509
8216 4824
3042 7088
2887 6338
442 8868
4631 7565
6891 2002
2455 5117
7716 8583
8072 8759
151 4820
6630 6893
9159 8295
8227 2578
3771 217
9635 7442
8159 5534
4357 4876
667 154
612 7088
6725 9180
7848 6722
2049 8334
2722 9673
7355 6250
641 3670
9762 2031
9189 6875
6451 1922
8397 5086
3891 1900
2066 7353
7072 345
8868 6051
7236 3995
848 4479
482 8490
8256 6934
7697 6450
6265 5197
485 5599
2554 4903
9766 8551
4295 7395
9216 5503
3455 8572
7438 1614
1947 7158
5545 2624
2125 2091
3478 8011
7138 7224
7535 4935
1466 4097
1458 7004
2546 4705
5966 928
2059 7695
9483 9275
6582 392
274 3254
202 9354
1497 8793
5377 6745
5144 5158
6102 7044
8724 8995
8292 4664
6343 914
3519 7442
364 9186
7755 7384
8448 8360
5471 6430
526 6190
4107 533
6843 5574
4259 2076
3333 5301
2722 965
3478 9574
3047 8113
967 1934
1479 9930
2057 3600
1500 9234
9093 3046
833 3638
3856 1641
9988 6018
6001 5910
160 9626
8569 4259
3452 3604
7053 9908
3005 399
331 8711
845 5816
6788 4875
150 1320
4899 5355
895 4431
4804 6489
9913 5704
6159 5479
9064 3089
7390 5644
5186 8590
3924 618
48 2020
8469 8224
5591 1010
2071 3801
8802 8685
8414 934
1504 4333
9874 9292
6356 6028
4829 3406
5326 2559
830 4146
6828 9034
5309 1358
1821 9524
3522 8166
1222 2677
2738 8423
5592 3237
9490 9782
2542 9837
7894 1777
9788 4193
261 4688
8066 5326
477 2732
7810 5461
5591 1109
1431 6315
3153 4159
3855 3488
7103 1032
2018 9285
7199 1991
7844 5497
4289 6066
6294 1201
2505 596
977 8675
8701 7696
5486 5899
8299 1654
2207 3599
9108 2585
3559 3569
1510 1453
3280 6886
4604 3995
25 4625
5102 4129
2873 9917
7621 4771
7666 4884
9118 9413
9456 1158
8859 4524
9144 2415
7768 7732
829 8216
5496 8128
9810 8647
9390 7535
8592 3342
2434 1572
8778 3079
4088 6470
8592 9867
4937 8537
4659 9736
6751 2103
1642 3313
8079 9641
4498 3339
3332 9983
9316 8353
2621 4757
2751 5028
6513 8162
1446 9250
1009 108
5090 1217
8062 510
4233 9756
2856 1016
2158 5823
1552 5111
7117 2885
4615 775
3363 2621
3026 3520
4786 7078
4330 7311
8883 2894
3623 7174
1580 3065
582 8911
9918 6078
4512 8708
2951 5582
3403 4524
5403 3374
5201 1097
3417 5400
3043 3058
646 4402
4582 1436
1442 2703
5859 1569
8445 6202
3239 8623
2226 954
6767 9330
5255 8391
8472 1253
3416 2440
3986 6452
2460 7897
3968 8323
7436 3298
1331 373
400 9738
988 3335
1965 5088
6699 7049
7763 8082
1389 2278
6719 7821
970 9821
8506 4443
3595 4449
1770 591
6277 6837
6610 8345
4082 800
4927 4314
2399 6144
4931 6772
8069 5293
2424 9631
3178 2784
479 5159
1145 5551
6820 8609
3826 6768
1142 166
9001 5900
8266 760
2532 3862
9754 8471
9521 2782
8949 8087
9347 3256
9669 9317
2983 9267
5483 5462
5629 7303
5853 354
9196 3348
4710 8247
8891 4376
8692 7390
9644 2740
1372 9664
5327 7934
2653 4170
5526 2624
8143 8802
4030 5502
2674 3233
4836 5946
7740 3152
9227 5174
1538 2638
9931 3231
6249 3468
4815 1147
3631 2519
8351 4477
2080 7448
2979 7044
3093 5639
4738 3904
4602 4300
8449 2975
1002 6158
4476 8333
3966 7711
4814 5627
6821 3455
9704 7569
9319 3563
4472 2903
4511 5935
5635 6145
7221 7594
8632 733
9115 8265
8046 2763
1686 3134
9940 3084
4640 853
4991 5723
4399 1186
2417 7383
7710 1430
1578 2515
2510 3101
8771 801
4568 612
5407 3765
5165 1969
9627 8021
7274 8872
418 7811
651 2204
5936 2185
1000 2734
9359 9465
7973 6472
685 496
2559 5855
184 706
7292 8421
5827 2101
7029 1923
2571 9500
975 9607
4867 1243
681 1054
572 6989
8134 9592
6206 146
3342 4666
7150 8183
3326 9239
3857 3639
2441 1188
922 317
5235 9466
1592 5847
4843 8755
5997 9371
6190 6264
7670 967
4913 9900
206 8577
5279 1464
3978 4172
7691 9614
402 4269
1569 5194
3818 6567
4030 3265
5032 5870
1381 505
4912 2630
9115 1574
4798 9842
5049 6851
7425 3730
4530 6393
6304 191
8284 7444
106 1548
5586 5637
5076 9108
7543 314
8894 979
5438 3816
6887 2809
9433 6984
6608 8990
9089 1641
577 514
3838 6781
3766 9054
9790 3483
2188 1902
8910 9702
3364 6110
6570 1587
2361 7191
2400 5191
2774 6768
4357 605
2396 5694
7356 1749
6401 482
1956 8539
6253 997
1539 1228
2720 2805
2117 9460
393 8610
9974 516
1838 4701
6285 455
5415 3080
5281 2625
2581 1442
7830 2801
1546 9280
778 9742
9276 3160
5350 6932
6556 7649
6356 8247
5543 7843
3752 4706
7991 3374
7104 5649
6946 712
7240 8707
1706 7474
595 3878
5547 2227
6879 5071
3359 4188
7030 7727
2796 8445
7215 2365
2196 3275
6549 2814
373 1534
5404 5652
386 4434
968 7266
9682 9034
9161 524
3873 8803
7532 7013
7637 6870
1111 4564
2092 1387
4564 8863
6824 2966
1189 3962
8975 7408
8406 3066
720 7978
6964 4406
1489 7123
2064 5595
2029 9816
6495 1190
8042 4254
3897 6247
5190 2107
1746 6668
1049 4575
2448 3309
2424 8045
7547 8460
4772 7678
6695 4781
8290 6717
3211 8000
5634 6274
1033 9668
9905 4420
6238 6928
3032 6210
8674 3493
1726 7661
7277 6439
2274 4208
7916 9179
6318 5969
7281 3546
5716 8210
189 7515
3159 1612
3120 4949
7696 6628
6582 8392
7885 4385
9018 3393
2564 2926
4435 3028
3148 8598
2681 8925
5234 5947
495 3682
4097 8422
3644 4296
2075 2451
9677 6479
5873 8760
6843 1106
315 6640
573 226
325 1496
3829 8595
370 3753
2156 2269
1802 1002
2469 7923
9374 6875
4394 5263
1849 6082
2988 1055
143 8943
161 5601
5487 5472
8709 1966
2471 6548
8048 6452
8084 6365
9699 8992
919 8896
3585 9629
5990 7792
9919 8860
9198 5736
6771 3011
8308 3726
3430 1219
272 2713
8383 3719
6456 5332
8844 556
2912 9613
895 6547
5735 8
9023 2236
9406 3796
1065 3800
7579 6430
8729 6787
6880 7401
9911 8861
8044 8053
3541 6282
305 8281
1814 7168
587 9563
7057 4979
5695 5819
4581 9526
9091 6627
8503 1818
9819 514
9497 2913
9000 7692
126 9264
1797 2174
5558 4686
5133 2272
8889 5561
5290 198
2786 2215
9436 5725
8668 3409
4324 9568
542 8204
2636 6282
2559 2275
4598 2057
232 6460
4215 6689
2095 8559
9964 9667
5324 1707
4926 4386
9843 3260
5816 7574
6512 9462
5949 604
548 4759
9594 8378
9910 5223
3375 628
6642 5003
3096 6918
7567 7453
1034 6986
8882 7653
1711 4876
7911 5304
5214 8324
6956 3439
9323 5510
7622 2812
5017 3851
7521 3712
4960 404
4491 9147
6383 4368
405 8029
7953 2837
7459 5621
7777 5807
8336 2952
4167 3233
747 6033
6052 3886
7541 5963
5675 4863
8462 3320
6612 6406
8617 6492
1801 810
9423 2891
7797 1919
4072 2617
2841 3914
3038 424
2188 3468
3041 9584
3049 4993
92 626
5747 7445
1697 9473
8836 8364
7836 9182
8896 4362
9554 9461
7578 4436
4851 7155
9790 8295
7719 821
9843 343
96 5113
2066 962
6125 7378
3558 3985
6454 8760
5908 4276
132 5014
7945 9963
6742 2044
2055 5765
7624 8748
8656 4309
9833 3626
8938 3012
5131 3182
6963 1182
8138 8061
9651 904
1693 8863
2580 1344
1261 4388
75 4710
6318 8118
4703 9139
4663 7375
8959 8926
2933 1510
3779 8380
3265 4875
9926 7688
102 2728
4644 3534
1497 5919
7494 9732
1072 3041
5124 9350
9621 2473
4411 2699
834 4128
8926 9928
4039 8930
8666 5802
1175 5445
6989 516
5099 8274
3917 2467
5940 2986
8402 387
7658 3979
9793 2406
5917 3739
8678 5909
1337 8643
3286 4575
9683 8948
2465 8538
2912 5806
9447 2300
2574 9071
6049 9456
113 7952
8461 3501
5357 7207
6063 6119
8739 1913
6122 9578
5775 7029
3548 6565
1568 4982
9356 4875
5755 6086
9006 2491
5497 6782
6 782
2 1642
7868 687
4349 2493
8434 7269
4751 2139
242 3685
5058 873
1295 6247
4072 7909
5284 705
1816 6282
3940 6348
1568 4774
876 1881
5954 9133
7909 5087
1163 8347
301 1086
5565 1063
8891 6506
8535 5708
7874 6767
5333 5979
183 9519
4343 1235
1097 6509
3478 9383
216 5726
5289 5700
3994 5703
9080 5648
7404 6967
1454 2563
925 6773
52 8228
2468 6484
3684 3483
3934 5959
2906 5339
7042 7603
7766 186
8741 9567
1622 138
9066 4021
8039 3687
6211 8254
860 3404
4965 175
3279 1890
875 6081
6801 9791
7186 8289
9850 175
3496 3603
3164 3312
8412 8662
762 85
808 5329
6650 1506
4715 3089
1623 9864
3334 5815
6982 7465
2822 9396
9447 2941
637 7776
7074 2117
8595 3578
7130 8860
1786 914
8136 3616
9039 9323
8084 144
3563 6712
3040 5454
9397 9174
4147 6722
7243 8245
833 4956
3535 9084
2997 1111
8282 7267
3897 2086
6274 7092
3435 9674
6718 4456
5049 7850
8775 5751
3748 6381
7547 7248
3176 8346
8256 5612
9269 25
2283 1777
8668 5193
2406 8833
556 9734
4027 1719
3819 195
3102 8710
1870 8557
2393 3749
4543 7812
9074 5801
718 4479
9789 1009
6879 9530
5408 3464
1843 3936
6950 5366
8159 1702
7597 6685
8927 3101
8186 6859
6356 7170
8655 8809
8814 5823
2561 4472
724 3279
957 7590
2088 1945
3886 9250
4657 4928
4669 1779
3442 5861
2210 372
1203 4408
7016 7184
900 1010
2101 2841
5259 6784
2810 1252
5313 4077
6865 8320
379 8458
8113 1413
5136 4194
2301 7559
4790 9714
9714 3047
886 8198
9219 7411
235 8072
3118 4553
611 7445
123 5640
7687 2408
6331 2203
2347 3204
4023 1940
6345 5751
2020 5010
9826 6819
9442 2100
6875 228
2719 2071
6157 2727
8333 8196
2581 7353
331 3876
6913 6119
2948 7345
8742 2163
8289 8063
3764 9148
6747 9264
1346 3207
3650 2159
2410 2705
8548 4110
6558 6741
32 6542
5031 7344
587 690
9694 8386
9285 6008
6037 9987
9471 5058
9357 5907
396 310
5976 4223
2953 6834
2108 6183
1566 9543
1275 623
2473 8159
5977 876
691 327
3402 898
978 5469
5222 8358
2911 1158
5468 492
1433 8825
6974 6999
7883 4414
6184 8612
5003 1047
6868 1842
1866 1254
4762 5420
9966 6021
3673 1554
2961 1844
6912 6804
8035 7569
7905 2076
4887 5035
4092 546
7540 1654
882 446
6175 6364
2053 1585
1497 275
7595 285
1199 9086
2754 5312
499 7051
2324 394
2457 4048
5834 2966
5304 482
4892 6153
9612 1986
542 2522
3516 2800
3732 8647
2579 3577
799 9973
898 6592
1484 9209
4859 6215
8164 1742
3535 6325
5614 8332
1601 5412
69 6070
8968 9841
2533 4701
7752 7935
4718 701
3879 2290
8202 4807
8207 4119
882 5895
4271 6862
902 7942
7171 3738
2804 2731
5170 6057
2797 1130
6041 5836
6052 1795
2777 7050
8522 8727
2487 5164
8696 5814
5754 4960
6726 4645
1360 237
1150 9535
8492 2538
7724 7264
6692 8414
2433 8019
8159 8194
7385 6845
3941 7589
197 4374
6927 8180
3655 3057
8676 9621
8941 9501
9112 9365
5731 8672
6425 5903
9429 1351
2577 2200
1576 1629
6261 6184
884 2441
178 2178
5856 3160
7742 4167
4961 2857
1909 2634
6725 6937
1478 5198
2598 977
6566 7133
5459 2348
6698 7096
3335 2399
1977 2041
8690 699
5831 9693
250 7614
2048 2135
4707 8365
1946 2410
6776 6411
3724 5191
5383 1776
3131 698
9643 5571
5670 9580
2386 2077
9686 3622
7430 5182
3806 5832
1968 1254
9974 6388
3734 8955
2440 1394
4886 6264
1191 6123
6999 2107
4295 2908
9829 1869
9067 5910
6424 8706
8861 7533
6675 8526
1042 7342
6166 8051
5297 8013
35 4534
6403 7084
4995 424
2476 6417
5125 1641
7919 93
4877 6640
7490 8277
7708 1104
3035 574
3488 8956
4965 2782
5163 2739
6708 661
1381 3891
9095 5835
6381 3587
7425 1366
7814 6524
5397 865
7490 1586
1753 8703
7081 854
2574 1112
3459 5686
8366 5923
2500 8633
9782 7599
5879 7050
7365 5456
549 9724
6572 4545
961 7997
9716 804
7915 4173
1294 6537
6137 989
8677 5124
6255 83
9010 4479
4787 1242
4186 7896
36 1993
7096 6472
9193 5531
7803 6419
8071 7715
1402 6154
434 7070
3125 3203
2808 6642
4258 2202
3235 7003
9202 3027
4390 9351
5336 951
9852 7700
1110 9245
3329 3873
9799 995
6659 872
103 5895
2426 6893
1015 6506
1676 3296
9397 5991
6871 468
6054 8594
2949 5521
9332 7403
2868 2368
151 9960
8093 31
6009 1299
9236 4198
9103 6327
9486 8893
3001 3081
9842 9923
9461 7377
6092 2647
8334 3044
8020 1815
6076 6707
6319 6094
3370 711
3428 7006
2374 3603
2401 8497
7693 6673
6301 5287
1266 7376
151 3145
155 8484
9612 7249
5247 1525
4846 4874
9167 8189
8718 5341
5369 6402
388 470
9430 1408
6993 5628
5143 831
4920 1084
4786 395
9093 8571
2370 9896
6141 5720
7296 1367
6124 4380
2314 9582
9028 902
5240 7228
2362 573
6706 742
4660 7304
7768 5464
7895 6201
1060 6571
5648 5205
2743 5191
9368 2470
9839 6898
2528 3214
5944 6168
856 2887
8217 6254
7577 3706
5342 7849
5042 6425
6650 6073
8133 2619
6951 3589
7523 2164
5835 7174
6329 323
9416 7159
723 2179
7125 1902
1848 2911
228 3444
638 1396
8932 1107
8962 7662
2680 8220
1431 1797
3661 2604
5677 661
4300 5960
7218 192
4305 2986
8187 5109
4829 6757
4410 1687
686 9060
2343 9702
6876 5105
4992 5064
3392 7624
3199 8326
1220 8099
5488 8852
7896 2905
8042 6979
5566 9696
1632 7935
1972 5307
9196 754
8711 3081
9752 5070
6079 2216
7901 6331
989 3890
6296 8643
200 4468
1936 9840
3436 8045
8255 3467
8816 4057
1725 2538
4611 8440
4503 4363
8249 7459
2364 2344
857 5290
6803 2296
2318 4334
8413 5600
7494 6946
2904 7921
7339 5688
3655 3638
343 4745
4084 9897
2145 5163
8537 458
8293 7767
9729 6730
2028 6408
7147 2409
6705 8866
1712 4280
3350 458
5433 8180
7224 2737
3451 3106
2403 1223
8384 4560
1770 9036
8754 5565
608 9359
8350 72
7173 5346
2267 6743
3840 1836
3026 9155
7977 5431
4772 6162
8549 5252
5658 8073
3461 4990
1601 6085
2462 816
5524 4762
953 5398
2303 7653
2140 210
9226 9665
2202 3211
3897 7819
7822 6240
5295 7227
9171 1763
8230 2501
6102 9012
1801 4692
1761 9284
9896 2924
3609 6632
2012 4117
6723 2183
2920 3301
1780 797
9213 6084
9917 1874
8676 8742
4672 367
1361 6389
9039 9501
2247 4449
2812 7650
6157 9155
494 6015
3570 8860
2302 7533
2794 4958
3091 629
5213 2723
8350 3421
1735 5571
7492 7617
7333 9360
5061 2779
9352 1111
734 9458
5262 5664
9875 4008
646 3815
1817 8556
6238 1516
3046 4998
7520 9075
9304 6016
5561 8287
8156 5964
5947 7673
2747 5463
103 7588
9216 3199
9681 345
9994 2648
8218 7988
7242 4301
2177 1923
8193 1217
7653 9523
6860 7774
8382 6621
5667 9757
2525 1200
6844 2830
8417 7782
5774 7009
4123 8447
1115 9391
4585 8205
763 5435
336 6075
5151 5033
9609 2263
6358 4275
3918 3476
6709 4420
8793 8942
7600 5199
1357 8403
2514 8745
576 8247
109 8273
9 5176
3619 6632
197 9947
5305 6853
7594 4488
8714 6758
6420 2766
8483 2596
2912 8006
3288 2742
3081 3019
1838 397
3784 793
1150 6753
5222 5183
7992 7539
5333 2329
378 2704
1161 9292
3911 7239
2636 9395
4287 7468
5716 9834
1737 1544
5218 2207
4900 9177
5324 6774
4766 7962
3652 4603
7830 2613
4970 7574
778 9727
8583 6867
2520 4932
4367 1723
8145 8252
4295 261
8255 6413
8090 6274
8223 6124
7469 1617
2942 1863
4993 6403
7032 2057
797 6613
6918 4154
1243 2835
9922 7765
4122 8905
3163 4891
1236 4140
1168 762
5279 7293
7215 4948
5334 2644
1553 3115
4579 3182
7168 2562
7385 4149
4675 6387
3045 2830
9853 6768
1257 9304
5094 5061
539 8765
2875 9173
5260 1123
1364 3992
1995 4122
2663 9119
6110 7445
1795 5392
225 2183
9 4368
7666 6897
1397 5157
3697 4923
6156 4485
9330 3956
8518 997
9407 2320
5167 5121
4729 3321
9289 2488
3643 4987
4365 7525
4218 8379
7114 277
2420 7140
5296 3688
5211 6784
4723 7368
8171 6134
3709 1286
4869 3411
8814 3117
8579 7656
7667 2987
2177 3205
9129 763
3844 4829
9036 4809
1822 134
3827 6399
1542 6986
5916 8592
2560 2159
1418 3932
3406 9833
7836 8087
2695 5927
7526 1775
1972 683
8865 9714
2608 9564
3930 5219
8516 815
9205 6030
2095 3730
6117 6801
3951 8766
4477 1941
6348 6316
6014 4222
8521 462
3763 2903
2620 3517
2020 922
8764 5966
7087 6435
1116 7555
2485 3388
3449 7127
9892 6448
7408 7817
9697 7182
2734 2014
6520 1889
2678 5625
1760 962
4242 6343
5587 7398
3789 2955
3492 3362
5439 8017
9282 754
20 4123
7011 1962
6427 5931
8034 3951
2406 2951
2925 4700
8602 7144
7182 8053
2491 7110
9762 8219
6473 7927
5715 45
3081 7334
1217 5097
3881 4038
5582 1721
5170 1019
9036 3934
1666 1874
3702 5280
8930 2105
4584 7989
6477 7848
8220 1061
403 2487
5112 5424
8883 641
9350 2769
7149 2392
5190 3838
3302 4504
8651 2298
2090 4753
4713 7438
5051 436
4406 6676
2398 3336
736 9005
2679 7961
1319 1729
410 5759
9397 4538
1022 4018
7582 2815
5680 5278
5502 613
6625 7591
5009 6190
26 1604
3057 8752
1669 5525
5944 3948
1741 3003
7214 7404
9658 667
5330 1500
3908 5007
3115 1722
5417 5663
2789 2745
7464 1797
930 5235
9406 8860
8287 9648
2905 1087
6106 4237
9412 6627
9334 4877
2399 5675
1500 9790
1287 4263
766 3272
9135 1994
1069 6653
1377 6135
9914 7023
1177 2206
3498 3162
4031 5464
6390 9405
316 6644
8348 3150
181 4257
2159 735
3739 3398
2939 7302
298 9747
9229 8349
987 2293
4832 3237
4646 5927
7507 3544
5633 4514
110 3904
4364 6045
4642 1942
5563 5462
7527 2377
5764 1486
6180 9421
947 9532
4607 8303
6417 5100
2329 4913
3315 4000
7415 8074
3481 8775
2796 1061
9669 9664
7645 2001
2336 2594
8816 5779
5322 3532
9479 6967
1075 1332
9455 1056
3199 7652
5223 2397
4391 4279
3529 9261
7459 12
3202 2531
3074 6411
5068 7519
5560 8444
1485 1294
876 9081
5825 8337
590 9313
4516 9938
4963 4320
3563 8164
2141 2004
6172 761
7090 5585
1590 1871
6679 8520
8722 2017
2443 6506
3424 9564
9635 366
5458 3065
2626 3130
8628 3783
5313 7281
9447 4941
2511 5925
9674 3832
4230 609
1911 5317
2213 7195
2560 8732
9338 108
5799 1824
1477 5943
5857 8879
7582 4901
4011 809
8398 7830
1566 8319
7897 9089
6648 7706
2921 6881
8060 7465
2236 6737
9009 2588
1491 4261
2585 3529
2689 7769
5401 2145
5134 9079
573 1500
8979 7358
3112 3336
294 7213
9 1917
1874 1300
8107 9317
439 9532
6345 5065
2109 788
8437 1848
7752 9116
8768 3596
9225 2499
357 1933
8432 255
10 2661
1722 4833
1741 9523
6614 9603
2719 7236
9029 9951
895 158
8778 7242
4608 5436
7243 9800
9122 6371
6113 1445
4588 2163
221 429
4156 5566
4358 2497
3009 8535
4233 8238
1694 2433
9899 6262
9414 9130
771 29
1861 1191
5310 9501
9936 2176
8521 3038
593 3857
6456 8205
7943 9354
935 1249
4338 9240
556 2909
9743 2801
5138 4573
104 8797
1971 9717
568 9007
9834 3125
6301 6595
6639 8160
4149 8842
3470 4353
7891 2544
3892 8772
1701 6217
4369 7793
8340 3965
9837 1637
3937 3647
6785 4144
6253 8401
9188 3279
903 6789
2586 2528
2918 7287
4990 8765
5290 1895
6626 1010
3158 9903
6183 4595
7805 3028
9124 4584
6777 122
9428 222
2496 2058
9775 6763
3264 2023
4565 237
3182 2515
5349 4174
5174 3750
403 6126
1174 3001
3714 3123
6991 6704
5531 359
9962 4577
2306 8570
8559 7331
2746 1015
4799 6516
8600 8149
7479 6549
6248 7537
6801 6077
7257 436
732 9827
1307 6281
3752 8874
8956 1411
7223 7286
5273 9392
9056 3525
9311 737
4736 6951
1498 4577
6836 5053
4737 4785
4418 2574
4325 1238
7088 9020
9099 4250
7383 4741
6560 8384
1284 5578
4583 8165
7316 9921
8448 5556
5728 5560
3881 3369
9667 2792
1852 7629
1650 265
5624 6524
9961 7274
2603 9528
8014 3922
2824 540
2396 6971
2546 2745
971 8048
3739 7729
7473 1669
5664 3504
7137 1456
2458 5253
2364 4056
3210 5935
812 6050
7916 6068
7611 409
4839 4895
3787 3609
78 8792
3036 6310
9031 7859
1482 6228
6636 1179
8084 4436
8523 6606
7040 6313
5727 4308
739 3974
4932 6357
2064 4154
8244 1039
1266 3915
2976 6548
8598 1732
3089 1949
6127 566
6608 1608
4974 1287
7921 9214
8629 3690
7553 2435
1306 4893
7321 6473
3321 7491
4389 4867
623 5456
4898 3390
63 7558
1740 954
5011 2289
5730 6111
3621 4257
3335 7213
9565 2359
7293 6067
1836 6095
8221 4554
7273 5937
5084 2162
7015 810
8630 6253
1619 3518
7179 4996
2329 9011
6066 4383
8085 2362
4109 5209
2554 4635
6755 8404
431 4673
1257 3643
8620 9873
4759 2968
4218 2011
6931 6602
3500 2520
1396 4852
8324 5579
1471 5071
8223 9894
7978 2313
9474 4478
9411 4489
6714 221
1694 4349
903 5138
6441 7998
7720 1436
2406 7976
8921 7128
5227 2057
472 9554
1367 4757
4791 496
7010 406
7863 4038
9275 9892
6801 8255
2754 9337
2770 99
8894 266
6336 1711
7392 9565
7097 8360
5170 6532
3691 2202
8676 4681
9005 3881
1908 8003
9329 6171
6692 3318
6204 6231
3955 1239
923 1293
4854 8547
3037 269
8327 7627
9955 6320
2808 327
9109 344
5749 1180
7689 4651
7540 2503
4820 8118
6523 2702
8145 8251
6592 6912
3405 7908
3381 7202
9689 7620
5475 2329
3561 794
109 8146
2912 1191
4235 9588
5857 4499
4585 2062
4415 8984
2834 1233
4197 1790
1274 1647
5764 3320
6377 915
7117 8171
7982 86
1416 136
1787 2272
826 2559
2231 1162
4833 4851
817 5544
6051 7506
1313 7406
297 6286
2038 3974
9095 6881
4845 7913
4649 8805
5501 3725
2385 4983
1386 4414
3690 7395
8420 738
7838 1793
3890 2533
7167 3483
991 1497
9789 6446
1439 3507
38 9638
3722 7645
1595 9099
84 6329
4519 8542
767 3494
8937 344
1412 4877
5124 5908
8232 7385
345 9194
357 8540
1858 2223
3575 7006
4213 1069
